# H961: a proper 5-colouring (vertex index, colour 1-5), verified on all edges
0 2
1 1
2 1
3 2
4 1
5 4
6 2
7 2
8 5
9 5
10 5
11 3
12 2
13 2
14 2
15 2
16 3
17 2
18 4
19 2
20 5
21 1
22 1
23 5
24 5
25 2
26 3
27 2
28 1
29 1
30 1
31 4
32 3
33 4
34 2
35 1
36 2
37 2
38 2
39 3
40 1
41 4
42 2
43 4
44 2
45 4
46 4
47 4
48 2
49 1
50 4
51 2
52 3
53 1
54 4
55 1
56 1
57 2
58 4
59 3
60 1
61 1
62 4
63 2
64 2
65 1
66 2
67 1
68 2
69 4
70 2
71 3
72 1
73 2
74 4
75 4
76 2
77 1
78 5
79 2
80 3
81 3
82 1
83 1
84 3
85 2
86 2
87 4
88 5
89 2
90 3
91 3
92 2
93 3
94 2
95 1
96 4
97 1
98 1
99 3
100 4
101 1
102 4
103 4
104 3
105 3
106 4
107 3
108 4
109 3
110 4
111 1
112 2
113 2
114 1
115 2
116 3
117 2
118 5
119 1
120 4
121 3
122 2
123 5
124 1
125 4
126 1
127 3
128 3
129 1
130 2
131 2
132 2
133 2
134 5
135 3
136 2
137 4
138 3
139 5
140 4
141 3
142 3
143 1
144 1
145 3
146 1
147 1
148 1
149 5
150 1
151 3
152 2
153 1
154 4
155 5
156 1
157 2
158 1
159 2
160 3
161 2
162 2
163 4
164 3
165 1
166 3
167 4
168 2
169 1
170 4
171 2
172 3
173 3
174 3
175 4
176 1
177 5
178 4
179 4
180 1
181 1
182 2
183 1
184 2
185 3
186 2
187 4
188 4
189 2
190 2
191 1
192 1
193 2
194 5
195 1
196 1
197 3
198 1
199 1
200 3
201 1
202 1
203 5
204 2
205 1
206 3
207 2
208 2
209 2
210 3
211 5
212 2
213 4
214 3
215 5
216 3
217 2
218 5
219 1
220 1
221 1
222 1
223 3
224 4
225 3
226 4
227 2
228 1
229 1
230 4
231 1
232 1
233 1
234 1
235 5
236 1
237 1
238 1
239 1
240 1
241 5
242 3
243 2
244 5
245 3
246 2
247 1
248 2
249 1
250 3
251 1
252 3
253 1
254 3
255 3
256 5
257 4
258 5
259 3
260 1
261 1
262 2
263 4
264 5
265 1
266 5
267 5
268 2
269 1
270 2
271 1
272 5
273 4
274 4
275 4
276 4
277 5
278 4
279 3
280 2
281 2
282 1
283 1
284 3
285 1
286 4
287 2
288 1
289 4
290 2
291 3
292 5
293 5
294 1
295 2
296 4
297 4
298 1
299 4
300 3
301 3
302 3
303 3
304 2
305 3
306 5
307 2
308 2
309 1
310 1
311 5
312 1
313 2
314 5
315 4
316 4
317 4
318 1
319 5
320 1
321 5
322 3
323 3
324 4
325 2
326 1
327 2
328 3
329 1
330 3
331 2
332 2
333 3
334 1
335 5
336 2
337 5
338 4
339 2
340 4
341 4
342 1
343 2
344 2
345 2
346 1
347 5
348 5
349 5
350 5
351 2
352 3
353 2
354 3
355 4
356 4
357 1
358 3
359 5
360 2
361 1
362 3
363 4
364 5
365 5
366 4
367 1
368 4
369 2
370 1
371 1
372 3
373 1
374 3
375 3
376 3
377 2
378 1
379 2
380 5
381 2
382 5
383 1
384 2
385 5
386 2
387 3
388 5
389 5
390 2
391 3
392 5
393 3
394 3
395 2
396 4
397 5
398 4
399 4
400 5
401 4
402 5
403 2
404 1
405 4
406 1
407 3
408 4
409 4
410 2
411 2
412 2
413 5
414 1
415 5
416 4
417 3
418 1
419 2
420 1
421 3
422 3
423 3
424 5
425 1
426 3
427 5
428 1
429 1
430 5
431 3
432 3
433 2
434 2
435 1
436 1
437 4
438 5
439 2
440 5
441 3
442 5
443 5
444 5
445 2
446 1
447 3
448 3
449 1
450 3
451 4
452 3
453 3
454 3
455 5
456 4
457 4
458 1
459 4
460 5
461 4
462 2
463 4
464 1
465 5
466 1
467 4
468 4
469 1
470 4
471 2
472 1
473 3
474 2
475 4
476 1
477 2
478 1
479 3
480 2
481 1
482 1
483 3
484 3
485 5
486 3
487 5
488 3
489 1
490 4
491 2
492 4
493 4
494 1
495 1
496 5
497 2
498 3
499 5
500 1
501 1
502 3
503 4
504 4
505 4
506 5
507 1
508 2
509 5
510 2
511 3
512 1
513 1
514 1
515 2
516 2
517 4
518 5
519 1
520 5
521 2
522 4
523 1
524 2
525 5
526 4
527 3
528 1
529 3
530 3
531 3
532 4
533 3
534 2
535 3
536 4
537 1
538 2
539 1
540 1
541 5
542 5
543 2
544 1
545 4
546 5
547 4
548 1
549 2
550 4
551 4
552 3
553 2
554 4
555 5
556 1
557 4
558 3
559 2
560 2
561 1
562 2
563 3
564 3
565 5
566 2
567 5
568 4
569 2
570 4
571 3
572 1
573 1
574 5
575 2
576 1
577 3
578 5
579 5
580 4
581 3
582 4
583 4
584 3
585 5
586 5
587 3
588 2
589 3
590 2
591 4
592 3
593 2
594 2
595 2
596 2
597 4
598 3
599 4
600 1
601 3
602 4
603 3
604 2
605 1
606 3
607 5
608 1
609 1
610 1
611 2
612 3
613 2
614 4
615 2
616 4
617 4
618 1
619 4
620 2
621 1
622 2
623 3
624 1
625 4
626 1
627 4
628 1
629 1
630 3
631 3
632 1
633 1
634 3
635 2
636 3
637 3
638 4
639 2
640 4
641 2
642 2
643 1
644 3
645 3
646 4
647 1
648 2
649 2
650 5
651 1
652 4
653 4
654 5
655 4
656 2
657 2
658 1
659 4
660 4
661 2
662 5
663 3
664 2
665 3
666 1
667 2
668 3
669 2
670 4
671 2
672 2
673 4
674 2
675 5
676 3
677 5
678 1
679 1
680 2
681 1
682 2
683 4
684 1
685 2
686 5
687 1
688 3
689 4
690 4
691 3
692 1
693 1
694 4
695 1
696 1
697 3
698 5
699 3
700 4
701 4
702 4
703 4
704 3
705 4
706 3
707 3
708 3
709 2
710 1
711 3
712 2
713 1
714 4
715 1
716 3
717 2
718 5
719 3
720 3
721 5
722 1
723 5
724 5
725 4
726 1
727 4
728 2
729 3
730 3
731 5
732 4
733 2
734 2
735 4
736 1
737 2
738 1
739 2
740 4
741 3
742 3
743 4
744 1
745 4
746 1
747 4
748 5
749 3
750 5
751 2
752 3
753 4
754 5
755 4
756 3
757 5
758 5
759 4
760 3
761 3
762 5
763 3
764 3
765 4
766 1
767 3
768 5
769 1
770 5
771 3
772 2
773 4
774 2
775 2
776 1
777 2
778 4
779 4
780 3
781 5
782 4
783 4
784 1
785 5
786 3
787 4
788 3
789 2
790 2
791 2
792 1
793 2
794 3
795 3
796 1
797 5
798 1
799 5
800 1
801 2
802 5
803 2
804 1
805 1
806 2
807 4
808 1
809 1
810 4
811 1
812 5
813 2
814 4
815 2
816 3
817 1
818 2
819 2
820 4
821 3
822 1
823 5
824 1
825 2
826 4
827 3
828 5
829 2
830 1
831 2
832 2
833 3
834 1
835 2
836 4
837 1
838 3
839 3
840 1
841 1
842 1
843 4
844 1
845 2
846 2
847 2
848 4
849 4
850 3
851 2
852 2
853 2
854 4
855 1
856 2
857 1
858 3
859 2
860 3
861 4
862 2
863 3
864 1
865 4
866 3
867 5
868 3
869 1
870 5
871 3
872 3
873 4
874 3
875 3
876 1
877 5
878 2
879 5
880 2
881 1
882 2
883 3
884 2
885 4
886 4
887 3
888 3
889 4
890 1
891 2
892 4
893 2
894 5
895 4
896 1
897 1
898 4
899 2
900 1
901 3
902 2
903 1
904 2
905 3
906 1
907 4
908 4
909 2
910 4
911 3
912 3
913 1
914 1
915 4
916 1
917 2
918 2
919 1
920 3
921 2
922 4
923 5
924 5
925 3
926 2
927 1
928 3
929 4
930 5
931 4
932 2
933 3
934 4
935 4
936 3
937 3
938 1
939 2
940 1
941 4
942 4
943 4
944 3
945 2
946 1
947 4
948 4
949 1
950 3
951 4
952 2
953 3
954 1
955 4
956 2
957 1
958 3
959 2
960 4
