# H961: 4028 edges (0-based indices into H961_vertices.txt)
0 124
0 158
0 469
0 820
0 903
1 127
1 213
1 470
1 761
1 899
2 136
2 214
2 471
2 826
2 847
3 137
3 215
3 472
3 759
3 928
4 120
4 168
4 473
4 803
4 908
5 131
5 147
5 474
5 748
5 837
6 145
6 146
6 475
6 821
6 910
7 121
7 226
7 476
7 805
7 943
8 170
8 216
8 477
8 825
8 834
9 132
9 171
9 478
9 815
9 858
10 172
10 220
10 479
10 744
10 885
11 125
11 231
11 480
11 787
11 879
12 173
12 223
12 481
12 725
12 933
13 154
13 174
13 482
13 766
13 915
14 153
14 175
14 483
14 756
14 914
15 165
15 238
15 484
15 727
15 936
16 122
16 175
16 485
16 721
16 857
17 123
17 174
17 486
17 809
17 947
18 148
18 161
18 487
18 724
18 831
19 156
19 192
19 488
19 752
19 855
20 157
20 193
20 489
20 771
20 856
21 139
21 187
21 490
21 777
21 929
22 188
22 190
22 491
22 768
22 926
23 189
23 191
23 492
23 824
23 925
24 156
24 183
24 493
24 780
24 917
25 126
25 225
25 494
25 786
25 946
26 177
26 198
26 495
26 789
26 848
27 167
27 197
27 496
27 788
27 849
28 138
28 172
28 497
28 781
28 845
29 123
29 151
29 498
29 757
29 838
30 121
30 230
30 499
30 814
30 904
31 149
31 159
31 500
31 802
31 880
32 201
32 231
32 501
32 791
32 890
33 159
33 195
33 502
33 797
33 932
34 194
34 232
34 503
34 798
34 931
35 186
35 216
35 504
35 719
35 898
36 139
36 237
36 505
36 749
36 886
37 140
37 170
37 506
37 767
37 876
38 196
38 210
38 507
38 760
38 900
39 153
39 239
39 508
39 714
39 878
40 142
40 212
40 509
40 745
40 902
41 205
41 221
41 510
41 823
41 871
42 206
42 211
42 511
42 796
42 870
43 203
43 207
43 512
43 728
43 937
44 165
44 218
44 513
44 810
44 906
45 135
45 203
45 514
45 775
45 924
46 204
46 233
46 515
46 774
46 923
47 147
47 173
47 516
47 723
47 866
48 222
48 235
48 517
48 738
48 941
49 179
49 223
49 518
49 765
49 868
50 128
50 218
50 519
50 712
50 840
51 129
51 135
51 520
51 747
51 860
52 130
52 233
52 521
52 710
52 893
53 132
53 212
53 522
53 790
53 948
54 133
54 221
54 523
54 784
54 944
55 134
55 211
55 524
55 783
55 888
56 122
56 184
56 525
56 758
56 839
57 146
57 236
57 526
57 722
57 865
58 143
58 180
58 527
58 746
58 901
59 205
59 230
59 528
59 731
59 884
60 177
60 178
60 529
60 793
60 895
61 128
61 225
61 530
61 816
61 861
62 204
62 234
62 531
62 729
62 938
63 144
63 166
63 532
63 800
63 907
64 176
64 232
64 533
64 785
64 881
65 127
65 193
65 534
65 755
65 921
66 192
66 210
66 535
66 754
66 889
67 141
67 184
67 536
67 794
67 945
68 142
68 145
68 537
68 730
68 935
69 131
69 143
69 538
69 813
69 864
70 160
70 234
70 539
70 807
70 830
71 178
71 207
71 540
71 733
71 867
72 141
72 186
72 541
72 737
72 887
73 185
73 224
73 542
73 827
73 869
74 133
74 199
74 543
74 764
74 829
75 134
75 200
75 544
75 763
75 859
76 120
76 228
76 545
76 773
76 912
77 125
77 209
77 546
77 734
77 873
78 126
78 208
78 547
78 720
78 892
79 163
79 194
79 548
79 736
79 833
80 182
80 195
80 549
80 735
80 939
81 217
81 237
81 550
81 762
81 835
82 208
82 214
82 551
82 741
82 942
83 163
83 164
83 552
83 801
83 905
84 182
84 183
84 553
84 769
84 922
85 138
85 179
85 554
85 776
85 843
86 219
86 235
86 555
86 828
86 842
87 191
87 199
87 556
87 751
87 919
88 198
88 229
88 557
88 742
88 853
89 197
89 228
89 558
89 743
89 927
90 155
90 158
90 559
90 806
90 916
91 136
91 162
91 560
91 772
91 930
92 160
92 167
92 561
92 792
92 894
93 150
93 229
93 562
93 740
93 913
94 176
94 202
94 563
94 713
94 875
95 149
95 227
95 564
95 819
95 874
96 155
96 181
96 565
96 716
96 852
97 152
97 226
97 566
97 799
97 851
98 157
98 164
98 567
98 779
98 918
99 162
99 238
99 568
99 822
99 832
100 222
100 236
100 569
100 726
100 850
101 137
101 161
101 570
101 753
101 920
102 130
102 168
102 571
102 818
102 863
103 129
103 169
103 572
103 817
103 862
104 140
104 239
104 573
104 778
104 841
105 181
105 188
105 574
105 739
105 940
106 185
106 217
106 575
106 718
106 897
107 209
107 215
107 576
107 770
107 844
108 196
108 227
108 577
108 812
108 872
109 202
109 213
109 578
109 811
109 891
110 150
110 169
110 579
110 804
110 909
111 152
111 189
111 580
111 709
111 934
112 154
112 187
112 581
112 715
112 877
113 148
113 166
113 582
113 808
113 911
114 190
114 200
114 583
114 750
114 836
115 124
115 206
115 584
115 732
115 883
116 180
116 220
116 585
116 717
116 896
117 144
117 201
117 586
117 711
117 854
118 171
118 219
118 587
118 782
118 846
119 151
119 224
119 588
119 795
119 882
120 589
120 729
120 938
121 590
121 751
121 919
122 591
122 767
122 876
123 592
123 749
123 886
124 593
124 768
124 926
125 594
125 808
125 911
126 595
126 727
126 936
127 596
127 798
127 931
128 597
128 772
128 930
129 598
129 793
129 895
130 599
130 792
130 894
131 600
131 776
131 843
132 601
132 722
132 865
133 602
133 805
133 943
134 603
134 806
134 916
135 604
135 789
135 848
136 605
136 816
136 861
137 606
137 791
137 890
138 607
138 813
138 864
139 608
139 795
139 882
140 609
140 794
140 945
141 610
141 714
141 878
142 611
142 738
142 941
143 612
143 765
143 868
144 613
144 759
144 928
145 614
145 828
145 842
146 615
146 782
146 846
147 616
147 781
147 845
148 617
148 734
148 873
149 618
149 780
149 917
150 619
150 728
150 937
151 620
151 777
151 929
152 621
152 784
152 944
153 622
153 719
153 898
154 623
154 718
154 897
155 624
155 763
155 859
156 625
156 819
156 874
157 626
157 713
157 875
158 627
158 750
158 836
159 628
159 752
159 855
160 629
160 803
160 908
161 630
161 787
161 879
162 631
162 786
162 946
163 632
163 761
163 899
164 633
164 811
164 891
165 634
165 741
165 942
166 635
166 770
166 844
167 636
167 818
167 863
168 637
168 807
168 830
169 638
169 733
169 867
170 639
170 758
170 839
171 640
171 821
171 910
172 641
172 748
172 837
173 642
173 744
173 885
174 643
174 762
174 835
175 644
175 825
175 834
176 645
176 779
176 918
177 646
177 817
177 862
178 647
178 804
178 909
179 648
179 746
179 901
180 649
180 725
180 933
181 650
181 783
181 888
182 651
182 760
182 900
183 652
183 812
183 872
184 653
184 778
184 841
185 654
185 766
185 915
186 655
186 756
186 914
187 656
187 827
187 869
188 657
188 796
188 870
189 658
189 823
189 871
190 659
190 732
190 883
191 660
191 731
191 884
192 661
192 802
192 880
193 662
193 785
193 881
194 663
194 755
194 921
195 664
195 754
195 889
196 665
196 735
196 939
197 666
197 710
197 893
198 667
198 747
198 860
199 668
199 814
199 904
200 669
200 820
200 903
201 670
201 753
201 920
202 671
202 801
202 905
203 672
203 742
203 853
204 673
204 743
204 927
205 674
205 709
205 934
206 675
206 739
206 940
207 676
207 740
207 913
208 677
208 810
208 906
209 678
209 800
209 907
210 679
210 797
210 932
211 680
211 716
211 852
212 681
212 726
212 850
213 682
213 736
213 833
214 683
214 712
214 840
215 684
215 711
215 854
216 685
216 721
216 857
217 686
217 809
217 947
218 687
218 826
218 847
219 688
219 730
219 935
220 689
220 723
220 866
221 690
221 799
221 851
222 691
222 790
222 948
223 692
223 717
223 896
224 693
224 715
224 877
225 694
225 822
225 832
226 695
226 764
226 829
227 696
227 769
227 922
228 697
228 774
228 923
229 698
229 775
229 924
230 699
230 824
230 925
231 700
231 724
231 831
232 701
232 771
232 856
233 702
233 788
233 849
234 703
234 773
234 912
235 704
235 745
235 902
236 705
236 815
236 858
237 706
237 757
237 838
238 707
238 720
238 892
239 708
239 737
239 887
240 267
240 289
240 300
240 327
240 463
240 596
240 755
240 952
241 281
241 305
241 346
241 431
241 593
241 732
241 954
242 246
242 311
242 331
242 347
242 405
242 600
242 813
242 957
243 245
243 299
243 312
243 348
243 466
243 614
243 730
243 955
244 295
244 320
244 343
244 352
244 422
244 590
244 814
244 949
245 342
245 348
245 351
245 385
245 605
245 772
245 955
246 279
246 341
246 347
246 467
246 606
246 753
246 957
247 308
247 337
247 338
247 339
247 426
247 589
247 773
247 950
248 261
248 294
248 317
248 349
248 374
248 617
248 808
248 953
249 262
249 275
249 303
249 332
249 410
249 625
249 780
249 960
250 263
250 271
250 315
250 345
250 626
250 779
250 959
251 264
251 314
251 325
251 355
251 376
251 591
251 758
251 953
252 258
252 264
252 325
252 329
252 465
252 656
252 715
252 951
253 259
253 263
253 287
253 301
253 456
253 657
253 739
253 959
254 260
254 262
254 283
254 296
254 392
254 658
254 709
254 960
255 256
255 261
255 336
255 349
255 430
255 652
255 769
255 951
256 310
256 336
256 358
256 594
256 734
256 951
257 306
257 309
257 335
257 352
257 433
257 595
257 720
257 949
258 307
258 329
258 334
258 369
258 639
258 767
258 951
259 287
259 298
259 315
259 388
259 640
259 782
259 959
260 296
260 332
260 354
260 417
260 641
260 781
260 960
261 336
261 349
261 468
261 642
261 723
261 953
262 283
262 303
262 464
262 643
262 809
262 960
263 271
263 301
263 412
263 644
263 721
263 959
264 325
264 329
264 446
264 634
264 810
264 953
265 293
265 313
265 324
265 337
265 450
265 592
265 757
265 950
266 270
266 280
266 328
266 340
266 620
266 795
266 958
267 297
267 327
267 330
267 406
267 653
267 794
267 952
268 299
268 312
268 322
268 356
268 364
268 597
268 816
268 957
269 274
269 278
269 321
269 344
269 393
269 646
269 793
269 956
270 272
270 288
270 328
270 438
270 679
270 754
270 958
271 301
271 345
271 377
271 615
271 821
271 960
272 286
272 288
272 291
272 452
272 680
272 783
272 958
273 302
273 318
273 350
273 419
273 649
273 717
273 954
274 284
274 319
274 344
274 418
274 681
274 790
274 956
275 303
275 332
275 354
275 372
275 674
275 823
275 959
276 282
276 284
276 304
276 319
276 386
276 598
276 817
276 958
277 281
277 302
277 305
277 318
277 409
277 599
277 818
277 952
278 282
278 304
278 321
278 432
278 699
278 731
278 956
279 290
279 341
279 347
279 424
279 647
279 733
279 955
280 286
280 326
280 340
280 701
280 785
280 958
281 302
281 305
281 460
281 694
281 786
281 954
282 284
282 304
282 455
282 700
282 787
282 956
283 296
283 303
283 444
283 673
283 774
283 959
284 319
284 434
284 702
284 710
284 956
285 292
285 297
285 300
285 353
285 439
285 613
285 711
285 952
286 291
286 326
286 440
286 687
286 712
286 958
287 298
287 301
287 368
287 645
287 713
287 960
288 291
288 328
288 397
288 662
288 771
288 956
289 292
289 300
289 327
289 411
289 661
289 752
289 954
290 323
290 341
290 357
290 361
290 607
290 776
290 955
291 326
291 383
291 608
291 777
291 956
292 300
292 353
292 384
292 609
292 778
292 954
293 308
293 313
293 333
293 451
293 610
293 737
293 950
294 317
294 349
294 358
294 448
294 611
294 745
294 951
295 306
295 316
295 320
295 447
295 612
295 746
295 949
296 354
296 367
296 618
296 819
296 959
297 330
297 353
297 404
297 628
297 802
297 952
298 315
298 345
298 380
298 685
298 825
298 960
299 312
299 348
299 622
299 756
299 957
300 442
300 690
300 784
300 952
301 428
301 672
301 775
301 960
302 318
302 604
302 747
302 954
303 378
303 616
303 748
303 959
304 321
304 391
304 691
304 726
304 958
305 346
305 390
305 692
305 725
305 952
306 309
306 316
306 454
306 601
306 815
306 949
307 329
307 334
307 355
307 437
307 602
307 764
307 953
308 333
308 338
308 436
308 603
308 763
308 950
309 316
309 335
309 363
309 668
309 751
309 950
310 317
310 336
310 358
310 459
310 669
310 750
310 953
311 323
311 331
311 357
311 396
311 638
311 804
311 957
312 322
312 461
312 637
312 803
312 955
313 324
313 333
313 366
313 703
313 729
313 949
314 325
314 334
314 355
314 441
314 676
314 728
314 951
315 345
315 415
315 698
315 742
315 959
316 320
316 462
316 671
316 811
316 950
317 358
317 373
317 696
317 812
317 953
318 350
318 360
318 659
318 768
318 952
319 344
319 395
319 660
319 824
319 958
320 343
320 375
320 707
320 727
320 950
321 344
321 401
321 666
321 788
321 958
322 342
322 356
322 458
322 651
322 735
322 955
323 341
323 357
323 457
323 632
323 736
323 957
324 337
324 339
324 421
324 624
324 806
324 949
325 695
325 805
325 951
326 340
326 387
326 664
326 797
326 956
327 330
327 402
327 684
327 759
327 954
328 340
328 403
328 683
328 826
328 956
329 427
329 619
329 740
329 953
330 353
330 414
330 621
330 799
330 954
331 347
331 357
331 453
331 623
331 766
331 955
332 354
332 400
332 697
332 743
332 960
333 338
333 449
333 678
333 770
333 949
334 355
334 381
334 677
334 741
334 951
335 343
335 352
335 648
335 765
335 950
336 408
336 704
336 738
336 953
337 339
337 445
337 635
337 800
337 950
338 339
338 382
338 706
338 749
338 949
339 407
339 708
339 714
339 949
340 389
340 650
340 716
340 956
341 443
341 654
341 718
341 957
342 351
342 356
342 413
342 655
342 719
342 955
343 352
343 420
343 705
343 722
343 950
344 399
344 630
344 724
344 958
345 371
345 675
345 796
345 960
346 350
346 416
346 667
346 789
346 952
347 435
347 682
347 761
347 955
348 351
348 665
348 760
348 957
349 423
349 627
349 820
349 951
350 398
350 631
350 822
350 952
351 356
351 425
351 629
351 807
351 957
352 429
352 633
352 801
352 949
353 359
353 663
353 798
353 954
354 686
354 762
354 959
355 370
355 693
355 827
355 953
356 362
356 688
356 828
356 957
357 365
357 670
357 791
357 955
358 379
358 689
358 744
358 951
359 372
359 403
359 466
359 468
359 470
359 833
359 949
360 380
360 401
360 465
360 467
360 469
360 836
360 950
361 402
361 438
361 454
361 456
361 474
361 845
361 951
362 379
362 392
362 403
362 463
362 475
362 846
362 949
363 430
363 455
363 476
363 829
363 952
364 416
364 432
364 451
364 464
364 471
364 840
364 953
365 370
365 401
365 412
365 431
365 472
365 854
365 950
366 417
366 424
366 446
366 452
366 473
366 830
366 954
367 423
367 453
367 460
367 462
367 488
367 880
367 956
368 373
368 422
368 455
368 489
368 881
368 954
369 375
369 391
369 404
369 444
369 485
369 834
369 955
370 380
370 431
370 434
370 490
370 882
370 950
371 387
371 405
371 439
371 454
371 491
371 883
371 951
372 379
372 440
372 466
372 492
372 884
372 949
373 413
373 422
373 455
373 493
373 874
373 952
374 382
374 397
374 419
374 428
374 480
374 831
374 957
375 411
375 418
375 444
375 494
375 832
375 955
376 400
376 411
376 418
376 433
376 477
376 857
376 957
377 425
377 427
377 442
377 449
377 478
377 865
377 958
378 381
378 424
378 426
378 452
378 479
378 866
378 952
379 440
379 463
379 481
379 896
379 949
380 434
380 467
380 483
380 898
380 950
381 396
381 426
381 452
381 484
381 892
381 954
382 390
382 428
382 486
382 835
382 957
383 394
383 437
383 498
383 886
383 959
384 393
384 408
384 435
384 436
384 525
384 876
384 960
385 395
385 407
385 519
385 847
385 951
386 406
386 421
386 435
386 448
386 495
386 860
386 960
387 402
387 405
387 420
387 507
387 939
387 951
388 414
388 441
388 445
388 461
388 526
388 858
388 956
389 396
389 417
389 426
389 446
389 511
389 940
389 952
390 428
390 527
390 868
390 955
391 404
391 433
391 444
391 509
391 941
391 957
392 403
392 463
392 468
392 528
392 925
392 950
393 408
393 436
393 457
393 520
393 848
393 959
394 437
394 458
394 521
394 849
394 960
395 407
395 416
395 499
395 919
395 953
396 417
396 426
396 529
396 862
396 954
397 419
397 428
397 450
397 503
397 921
397 955
398 410
398 423
398 429
398 443
398 530
398 930
398 956
399 413
399 422
399 430
399 501
399 920
399 954
400 404
400 418
400 433
400 531
400 912
400 955
401 412
401 465
401 515
401 927
401 950
402 420
402 456
402 532
402 844
402 951
403 468
403 513
403 942
403 949
404 433
404 535
404 932
404 955
405 420
405 439
405 497
405 837
405 953
406 421
406 448
406 457
406 506
406 839
406 959
407 416
407 464
407 536
407 841
407 951
408 421
408 435
408 537
408 842
408 959
409 447
409 496
409 893
409 959
410 429
410 443
410 459
410 500
410 855
410 958
411 418
411 444
411 502
411 889
411 957
412 431
412 465
412 504
412 914
412 949
413 422
413 508
413 887
413 952
414 427
414 445
414 461
414 510
414 934
414 958
415 419
415 450
415 512
415 913
415 957
416 464
416 514
416 853
416 953
417 446
417 516
417 885
417 954
418 517
418 902
418 955
419 450
419 518
419 901
419 957
420 456
420 522
420 850
420 953
421 435
421 524
421 852
421 959
422 543
422 943
422 954
423 443
423 462
423 544
423 916
423 956
424 446
424 452
424 572
424 895
424 952
425 441
425 442
425 445
425 571
425 894
425 958
426 539
426 908
426 952
427 449
427 461
427 540
427 909
427 958
428 562
428 937
428 955
429 453
429 459
429 563
429 918
429 956
430 564
430 917
430 954
431 434
431 583
431 903
431 949
432 451
432 464
432 556
432 904
432 951
433 568
433 946
433 957
434 467
434 558
434 923
434 949
435 552
435 891
435 960
436 448
436 457
436 565
436 888
436 960
437 447
437 458
437 566
437 944
437 959
438 439
438 454
438 456
438 549
438 900
438 953
439 454
439 576
439 907
439 953
440 463
440 466
440 551
440 906
440 950
441 442
441 445
441 579
441 867
441 956
442 449
442 580
442 871
442 956
443 462
443 581
443 869
443 958
444 545
444 938
444 957
445 546
445 911
445 958
446 547
446 936
446 952
447 458
447 554
447 864
447 959
448 457
448 555
448 935
448 960
449 461
449 582
449 873
449 956
450 550
450 947
450 955
451 573
451 945
451 953
452 574
452 870
452 954
453 459
453 460
453 542
453 877
453 956
454 569
454 948
454 951
455 570
455 890
455 952
456 584
456 926
456 953
457 578
457 905
457 959
458 577
458 922
458 960
459 460
459 559
459 859
459 958
460 462
460 560
460 861
460 958
461 561
461 863
461 956
462 567
462 875
462 958
463 548
463 899
463 950
464 575
464 915
464 951
465 467
465 588
465 929
465 949
466 468
466 587
466 910
466 950
467 586
467 928
467 949
468 585
468 933
468 950
469 496
469 518
469 530
469 557
469 596
469 952
470 510
470 525
470 535
470 576
470 593
470 954
471 475
471 541
471 561
471 577
471 600
471 957
472 474
472 529
472 542
472 578
472 614
472 955
473 524
473 550
473 573
473 582
473 590
473 949
474 572
474 578
474 581
474 605
474 955
475 508
475 571
475 577
475 606
475 957
476 538
476 567
476 568
476 569
476 589
476 950
477 490
477 523
477 547
477 579
477 617
477 953
478 491
478 504
478 533
478 562
478 625
478 960
479 492
479 500
479 545
479 575
479 626
479 959
480 493
480 544
480 555
480 585
480 591
480 953
481 487
481 493
481 555
481 559
481 656
481 951
482 488
482 492
482 516
482 531
482 657
482 959
483 489
483 491
483 512
483 526
483 658
483 960
484 485
484 490
484 566
484 579
484 652
484 951
485 540
485 566
485 588
485 594
485 951
486 536
486 539
486 565
486 582
486 595
486 949
487 537
487 559
487 564
487 639
487 951
488 516
488 528
488 545
488 640
488 959
489 526
489 562
489 584
489 641
489 960
490 566
490 579
490 642
490 953
491 512
491 533
491 643
491 960
492 500
492 531
492 644
492 959
493 555
493 559
493 634
493 953
494 522
494 543
494 554
494 567
494 592
494 950
495 499
495 509
495 558
495 570
495 620
495 958
496 527
496 557
496 560
496 653
496 952
497 529
497 542
497 552
497 586
497 597
497 957
498 503
498 507
498 551
498 574
498 646
498 956
499 501
499 517
499 558
499 679
499 958
500 531
500 575
500 615
500 960
501 515
501 517
501 520
501 680
501 958
502 525
502 532
502 548
502 580
502 649
502 954
503 513
503 549
503 574
503 681
503 956
504 533
504 562
504 584
504 674
504 959
505 511
505 513
505 534
505 549
505 598
505 958
506 510
506 532
506 535
506 548
506 599
506 952
507 511
507 534
507 551
507 699
507 956
508 519
508 571
508 577
508 647
508 955
509 515
509 556
509 570
509 701
509 958
510 532
510 535
510 694
510 954
511 513
511 534
511 700
511 956
512 526
512 533
512 673
512 959
513 549
513 702
513 956
514 521
514 527
514 530
514 583
514 613
514 952
515 520
515 556
515 687
515 958
516 528
516 531
516 645
516 960
517 520
517 558
517 662
517 956
518 521
518 530
518 557
518 661
518 954
519 553
519 571
519 587
519 607
519 955
520 556
520 608
520 956
521 530
521 583
521 609
521 954
522 538
522 543
522 563
522 610
522 950
523 547
523 579
523 588
523 611
523 951
524 536
524 546
524 550
524 612
524 949
525 576
525 580
525 636
525 954
526 584
526 618
526 959
527 560
527 583
527 628
527 952
528 545
528 575
528 685
528 960
529 542
529 578
529 622
529 957
530 690
530 952
531 672
531 960
532 548
532 604
532 954
533 616
533 959
534 551
534 691
534 958
535 576
535 692
535 952
536 539
536 546
536 601
536 949
537 559
537 564
537 585
537 602
537 953
538 563
538 568
538 603
538 950
539 546
539 565
539 668
539 950
540 547
540 566
540 588
540 669
540 953
541 553
541 561
541 587
541 638
541 957
542 552
542 637
542 955
543 554
543 563
543 703
543 949
544 555
544 564
544 585
544 676
544 951
545 575
545 698
545 959
546 550
546 671
546 950
547 588
547 696
547 953
548 580
548 659
548 952
549 574
549 660
549 958
550 573
550 707
550 950
551 574
551 666
551 958
552 572
552 586
552 651
552 955
553 571
553 587
553 632
553 957
554 567
554 569
554 624
554 949
555 695
555 951
556 570
556 664
556 956
557 560
557 684
557 954
558 570
558 683
558 956
559 619
559 953
560 583
560 621
560 954
561 577
561 587
561 623
561 955
562 584
562 697
562 960
563 568
563 678
563 949
564 585
564 677
564 951
565 573
565 582
565 648
565 950
566 704
566 953
567 569
567 635
567 950
568 569
568 706
568 949
569 708
569 949
570 650
570 956
571 654
571 957
572 581
572 586
572 655
572 955
573 582
573 705
573 950
574 630
574 958
575 675
575 960
576 580
576 667
576 952
577 682
577 955
578 581
578 665
578 957
579 627
579 951
580 631
580 952
581 586
581 629
581 957
582 633
582 949
583 663
583 954
584 686
584 959
585 693
585 953
586 688
586 957
587 670
587 955
588 689
588 951
589 616
589 638
589 650
589 677
589 952
590 630
590 645
590 655
590 696
590 954
591 595
591 661
591 681
591 697
591 957
592 594
592 649
592 662
592 698
592 955
593 644
593 670
593 693
593 702
593 949
594 692
594 698
594 701
594 955
595 628
595 691
595 697
595 957
596 658
596 687
596 688
596 689
596 950
597 610
597 643
597 667
597 699
597 953
598 611
598 624
598 653
598 682
598 960
599 612
599 620
599 665
599 695
599 959
600 613
600 664
600 675
600 705
600 953
601 607
601 613
601 675
601 679
601 951
602 608
602 612
602 636
602 651
602 959
603 609
603 611
603 632
603 646
603 960
604 605
604 610
604 686
604 699
604 951
605 660
605 686
605 708
605 951
606 656
606 659
606 685
606 702
606 949
607 657
607 679
607 684
607 951
608 636
608 648
608 665
608 959
609 646
609 682
609 704
609 960
610 686
610 699
610 953
611 632
611 653
611 960
612 620
612 651
612 959
613 675
613 679
613 953
614 642
614 663
614 674
614 687
614 950
615 619
615 629
615 678
615 690
615 958
616 647
616 677
616 680
616 952
617 649
617 662
617 672
617 706
617 957
618 623
618 627
618 671
618 694
618 956
619 621
619 637
619 678
619 958
620 651
620 695
620 960
621 635
621 637
621 640
621 958
622 645
622 652
622 668
622 700
622 954
623 633
623 669
623 694
623 956
624 653
624 682
624 704
624 959
625 631
625 633
625 654
625 669
625 958
626 630
626 652
626 655
626 668
626 952
627 631
627 654
627 671
627 956
628 639
628 691
628 697
628 955
629 635
629 676
629 690
629 958
630 652
630 655
630 954
631 633
631 654
631 956
632 646
632 653
632 959
633 669
633 956
634 641
634 647
634 650
634 703
634 952
635 640
635 676
635 958
636 648
636 651
636 960
637 640
637 678
637 956
638 641
638 650
638 677
638 954
639 673
639 691
639 707
639 955
640 676
640 956
641 650
641 703
641 954
642 658
642 663
642 683
642 950
643 667
643 699
643 708
643 951
644 656
644 666
644 670
644 949
645 696
645 700
645 954
646 704
646 959
647 680
647 703
647 952
648 665
648 695
648 960
649 662
649 698
649 957
650 952
651 960
652 668
652 954
653 959
654 671
654 958
655 696
655 952
656 659
656 666
656 949
657 679
657 684
657 705
657 953
658 683
658 688
658 950
659 666
659 685
659 950
660 667
660 686
660 708
660 953
661 673
661 681
661 707
661 957
662 672
662 955
663 674
663 683
663 949
664 675
664 684
664 705
664 951
665 695
665 959
666 670
666 950
667 708
667 953
668 700
668 952
669 694
669 958
670 693
670 950
671 694
671 958
672 692
672 706
672 955
673 691
673 707
673 957
674 687
674 689
674 949
675 951
676 690
676 956
677 680
677 954
678 690
678 956
679 953
680 703
680 954
681 697
681 707
681 955
682 704
682 960
683 688
683 949
684 705
684 951
685 693
685 702
685 950
686 953
687 689
687 950
688 689
688 949
689 949
690 956
691 957
692 701
692 706
692 955
693 702
693 950
694 958
695 960
696 700
696 952
697 955
698 701
698 957
699 951
700 952
701 706
701 957
702 949
703 954
704 959
705 953
706 957
707 955
708 951
709 723
709 755
709 826
709 828
709 922
709 934
709 949
710 732
710 753
710 825
710 827
710 867
710 893
710 950
711 754
711 796
711 813
711 815
711 854
711 856
711 951
712 730
712 744
712 755
712 823
712 840
712 855
712 949
713 756
713 787
713 812
713 814
713 875
713 935
713 952
714 772
714 789
714 809
714 824
714 878
714 923
714 953
715 721
715 753
715 768
715 788
715 877
715 924
715 950
716 773
716 781
716 804
716 810
716 852
716 877
716 954
717 742
717 757
717 771
717 808
717 870
717 896
717 955
718 780
718 811
718 820
718 822
718 897
718 901
718 956
719 724
719 779
719 812
719 814
719 898
719 902
719 954
720 726
720 743
720 758
720 802
720 884
720 892
720 955
721 732
721 788
721 791
721 848
721 857
721 950
722 739
722 759
722 797
722 813
722 865
722 899
722 951
723 730
723 798
723 826
723 866
723 900
723 949
724 769
724 779
724 814
724 831
724 865
724 952
725 734
725 749
725 775
725 785
725 933
725 940
725 957
726 767
726 774
726 802
726 850
726 934
726 955
727 752
727 767
727 774
727 790
727 925
727 936
727 957
728 782
728 784
728 800
728 807
728 841
728 937
728 958
729 733
729 781
729 783
729 810
729 929
729 938
729 952
730 798
730 823
730 932
730 935
730 949
731 737
731 747
731 809
731 816
731 863
731 884
731 953
732 791
732 827
732 862
732 883
732 950
733 748
733 783
733 810
733 867
733 947
733 954
734 742
734 757
734 785
734 873
734 883
734 957
735 746
735 764
735 792
735 795
735 832
735 939
735 959
736 745
736 763
736 793
736 794
736 831
736 833
736 960
737 747
737 762
737 816
737 887
737 927
737 951
738 761
738 778
738 793
738 806
738 907
738 941
738 960
739 754
739 759
739 776
739 905
739 940
739 951
740 770
740 799
740 803
740 821
740 913
740 945
740 956
741 748
741 773
741 783
741 804
741 915
741 942
741 952
742 757
742 785
742 852
742 853
742 955
743 758
743 790
743 802
743 851
743 927
743 957
744 755
744 823
744 828
744 885
744 939
744 950
745 763
745 794
745 817
745 844
745 902
745 959
746 764
746 795
746 818
746 901
746 942
746 960
747 762
747 772
747 830
747 860
747 953
748 773
748 783
748 837
748 886
748 954
749 775
749 785
749 808
749 886
749 903
749 955
750 766
750 780
750 786
750 801
750 836
750 837
750 956
751 756
751 769
751 779
751 787
751 910
751 919
751 954
752 758
752 774
752 790
752 855
752 943
752 955
753 768
753 825
753 913
753 920
753 950
754 776
754 815
754 875
754 889
754 951
755 828
755 874
755 921
755 949
756 769
756 787
756 914
756 941
756 952
757 771
757 836
757 838
757 957
758 790
758 839
758 919
758 955
759 776
759 797
759 881
759 928
759 953
760 765
760 777
760 805
760 818
760 900
760 946
760 960
761 778
761 806
761 817
761 879
761 899
761 959
762 772
762 824
762 835
762 893
762 951
763 778
763 793
763 854
763 859
763 959
764 777
764 792
764 829
764 840
764 960
765 777
765 792
765 805
765 868
765 906
765 959
766 786
766 801
766 819
766 868
766 915
766 958
767 774
767 802
767 876
767 904
767 957
768 788
768 825
768 895
768 926
768 949
769 779
769 922
769 948
769 952
770 784
770 803
770 821
770 844
770 914
770 958
771 775
771 808
771 856
771 916
771 957
772 824
772 912
772 930
772 953
773 804
773 882
773 912
773 954
774 923
774 944
774 955
775 808
775 888
775 924
775 957
776 815
776 843
776 921
776 953
777 792
777 929
777 930
777 960
778 793
778 841
778 920
778 959
779 842
779 918
779 954
780 801
780 822
780 843
780 917
780 956
781 804
781 810
781 838
781 845
781 952
782 799
782 800
782 803
782 839
782 846
782 958
783 869
783 888
783 952
784 807
784 821
784 887
784 944
784 958
785 859
785 881
785 955
786 811
786 819
786 885
786 946
786 956
787 812
787 858
787 879
787 954
788 791
788 849
788 909
788 949
789 809
789 816
789 824
789 848
789 908
789 951
790 871
790 948
790 957
791 827
791 890
791 937
791 949
792 892
792 894
792 959
793 873
793 895
793 960
794 806
794 817
794 890
794 945
794 960
795 805
795 818
795 861
795 882
795 959
796 797
796 813
796 815
796 870
796 891
796 953
797 813
797 918
797 932
797 953
798 823
798 826
798 917
798 931
798 950
799 800
799 803
799 851
799 878
799 956
800 807
800 898
800 907
800 956
801 822
801 896
801 905
801 958
802 829
802 880
802 957
803 834
803 908
803 958
804 835
804 909
804 952
805 818
805 847
805 943
805 959
806 817
806 916
806 928
806 960
807 821
807 830
807 857
807 956
808 911
808 926
808 955
809 816
809 849
809 947
809 953
810 897
810 906
810 954
811 819
811 820
811 891
811 933
811 956
812 814
812 850
812 872
812 954
813 864
813 931
813 951
814 846
814 904
814 952
815 833
815 858
815 953
816 861
816 938
816 951
817 862
817 911
817 959
818 863
818 936
818 960
819 820
819 864
819 874
819 958
820 822
820 845
820 903
820 958
821 876
821 910
821 956
822 832
822 866
822 958
823 871
823 872
823 950
824 894
824 925
824 951
825 827
825 834
825 860
825 949
826 828
826 847
826 880
826 950
827 853
827 869
827 949
828 842
828 889
828 950
829 843
829 875
829 946
829 948
829 949
830 852
830 873
830 945
830 947
830 950
831 874
831 916
831 933
831 935
831 951
832 850
832 864
832 875
832 943
832 949
833 876
833 907
833 932
833 934
833 952
834 892
834 909
834 929
834 944
834 953
835 841
835 873
835 888
835 908
835 950
836 893
836 901
836 924
836 930
836 954
837 862
837 877
837 891
837 928
837 955
838 900
838 931
838 940
838 942
838 956
839 844
839 899
839 932
839 934
839 954
840 846
840 863
840 878
840 922
840 955
841 852
841 908
841 911
841 950
842 859
842 879
842 917
842 933
842 951
843 850
843 918
843 946
843 949
844 889
844 899
844 934
844 952
845 854
845 869
845 895
845 905
845 957
846 887
846 894
846 922
846 955
847 872
847 887
847 894
847 910
847 957
848 902
848 904
848 920
848 927
848 958
849 853
849 901
849 903
849 930
849 952
850 918
850 943
850 949
851 857
851 867
851 929
851 936
851 953
852 911
852 947
852 950
853 868
853 903
853 930
853 954
854 862
854 877
854 905
854 957
855 866
855 884
855 912
855 915
855 959
856 865
856 883
856 913
856 914
856 960
857 867
857 882
857 936
857 951
858 881
858 898
858 913
858 926
858 960
859 874
859 879
859 896
859 951
860 890
860 919
860 923
860 941
860 956
861 868
861 893
861 903
861 924
861 952
862 877
862 905
862 955
863 878
863 910
863 922
863 957
864 875
864 943
864 948
864 950
865 883
865 914
865 937
865 959
866 884
866 915
866 938
866 960
867 882
867 892
867 953
868 893
868 903
868 954
869 895
869 905
869 928
869 955
870 886
870 900
870 906
870 921
870 956
871 876
871 889
871 899
871 907
871 954
872 878
872 894
872 910
872 955
873 888
873 945
873 950
874 896
874 935
874 951
875 948
875 949
876 889
876 907
876 952
877 891
877 957
878 910
878 955
879 896
879 917
879 953
880 885
880 897
880 925
880 938
880 960
881 898
881 926
881 937
881 959
882 892
882 944
882 951
883 898
883 913
883 959
884 897
884 912
884 960
885 897
885 912
885 925
885 959
886 906
886 921
886 939
886 958
887 894
887 922
887 957
888 908
888 945
888 949
889 899
889 952
890 904
890 923
890 941
890 958
891 895
891 928
891 957
892 944
892 953
893 924
893 954
894 955
895 928
895 957
896 935
896 953
897 912
897 960
898 913
898 959
899 954
900 921
900 942
900 956
901 924
901 930
901 952
902 919
902 920
902 923
902 958
903 952
904 927
904 941
904 958
905 955
906 931
906 939
906 956
907 932
907 954
908 911
908 949
909 929
909 936
909 944
909 951
910 957
911 947
911 949
912 959
913 960
914 926
914 937
914 960
915 925
915 938
915 959
916 917
916 933
916 935
916 953
917 933
917 953
918 943
918 946
918 950
919 920
919 923
919 956
920 927
920 956
921 942
921 958
922 957
923 958
924 952
925 938
925 959
926 937
926 960
927 941
927 956
928 955
929 936
929 953
930 954
931 939
931 940
931 956
932 934
932 954
933 951
934 952
935 953
936 951
937 959
938 960
939 940
939 958
940 942
940 958
941 956
942 958
943 950
944 951
945 947
945 949
946 948
946 950
947 949
948 950
949 952
949 953
949 955
949 958
949 960
950 951
950 954
950 956
950 957
950 959
951 952
951 957
951 958
951 959
952 957
952 958
952 960
953 954
953 955
953 956
953 960
954 955
954 956
954 959
955 958
955 959
956 957
956 960
957 960
958 959
