# G372: index x y z (60 significant digits); radius cos(pi/10)
0 0.809016994374947424102293417182819058860154589902881431067724 0.5 0.0
1 -0.809016994374947424102293417182819058860154589902881431067724 -0.5 0.0
2 0.0 0.809016994374947424102293417182819058860154589902881431067724 0.5
3 0.809016994374947424102293417182819058860154589902881431067724 -0.5 0.0
4 0.0 -0.809016994374947424102293417182819058860154589902881431067724 -0.5
5 -0.809016994374947424102293417182819058860154589902881431067724 0.5 0.0
6 0.0 -0.809016994374947424102293417182819058860154589902881431067724 0.5
7 0.5 0.0 0.809016994374947424102293417182819058860154589902881431067724
8 -0.5 -4.8509181023907622688123685019556393664759807623555973409675e-63 0.809016994374947424102293417182819058860154589902881431067724
9 0.0 0.809016994374947424102293417182819058860154589902881431067724 -0.5
10 -0.5 0.0 -0.809016994374947424102293417182819058860154589902881431067724
11 0.5 4.8509181023907622688123685019556393664759807623555973409675e-63 -0.809016994374947424102293417182819058860154589902881431067724
12 0.715841708295289626539784566745367599705227172312368413380968 0.349239220211618741123513188626092629262742279387812109879308 0.51972214972842523494222541092913907873483427204287591618352
13 -0.715841708295289626539784566745367599705227172312368413380968 -0.349239220211618741123513188626092629262742279387812109879308 0.51972214972842523494222541092913907873483427204287591618352
14 0.51972214972842523494222541092913907873483427204287591618352 0.715841708295289626539784566745367599705227172312368413380968 0.349239220211618741123513188626092629262742279387812109879308
15 0.235983366513354993183413161942194550735813898957155652328864 0.42718788657671527841168288081257010454664488478009301907224 0.816290914734824621121050075564628763574808162855568284082965
16 0.715841708295289626539784566745367599705227172312368413380968 -0.349239220211618741123513188626092629262742279387812109879308 0.51972214972842523494222541092913907873483427204287591618352
17 0.51972214972842523494222541092913907873483427204287591618352 -0.715841708295289626539784566745367599705227172312368413380968 -0.349239220211618741123513188626092629262742279387812109879308
18 0.0852225867249737343069263505682871799985561783449677622081722 -0.94691003630514051335390829174170918328147915682296893525576 0.0246371882319293413115148478749920458943961864894310466375924
19 -0.715841708295289626539784566745367599705227172312368413380968 0.349239220211618741123513188626092629262742279387812109879308 0.51972214972842523494222541092913907873483427204287591618352
20 -0.51972214972842523494222541092913907873483427204287591618352 -0.715841708295289626539784566745367599705227172312368413380968 0.349239220211618741123513188626092629262742279387812109879308
21 0.349239220211618741123513188626092629262742279387812109879308 0.51972214972842523494222541092913907873483427204287591618352 0.715841708295289626539784566745367599705227172312368413380968
22 -0.211346178281425651871898314067202504841417712467724605691272 0.467051694523205879997536886938536134312065883467756174203657 0.80106429502026336084671091731365477970378335065733617558914
23 0.51972214972842523494222541092913907873483427204287591618352 -0.715841708295289626539784566745367599705227172312368413380968 0.349239220211618741123513188626092629262742279387812109879308
24 -0.235983366513354993183413161942194550735813898957155652328864 -0.42718788657671527841168288081257010454664488478009301907224 0.816290914734824621121050075564628763574808162855568284082965
25 0.816290914734824621121050075564628763574808162855568284082965 0.235983366513354993183413161942194550735813898957155652328864 0.42718788657671527841168288081257010454664488478009301907224
26 0.0246371882319293413115148478749920458943961864894310466375924 -0.0852225867249737343069263505682871799985561783449677622081723 0.94691003630514051335390829174170918328147915682296893525576
27 0.235983366513354993183413161942194550735813898957155652328864 -0.42718788657671527841168288081257010454664488478009301907224 0.816290914734824621121050075564628763574808162855568284082965
28 0.51972214972842523494222541092913907873483427204287591618352 0.715841708295289626539784566745367599705227172312368413380968 -0.349239220211618741123513188626092629262742279387812109879308
29 0.80106429502026336084671091731365477970378335065733617558914 0.211346178281425651871898314067202504841417712467724605691272 0.467051694523205879997536886938536134312065883467756174203657
30 -0.51972214972842523494222541092913907873483427204287591618352 0.715841708295289626539784566745367599705227172312368413380968 -0.349239220211618741123513188626092629262742279387812109879308
31 -0.349239220211618741123513188626092629262742279387812109879308 0.51972214972842523494222541092913907873483427204287591618352 -0.715841708295289626539784566745367599705227172312368413380968
32 0.731068328009850886814123724996341583576251984510600521874792 0.3738764084435480824350280365010846751571384658772431565169 -0.479858341781934633356371404803173048969413273355212761052103
33 -0.0852225867249737343069263505682871799985561783449677622081722 0.94691003630514051335390829174170918328147915682296893525576 0.0246371882319293413115148478749920458943961864894310466375924
34 0.0246371882319293413115148478749920458943961864894310466375924 0.0852225867249737343069263505682871799985561783449677622081722 -0.94691003630514051335390829174170918328147915682296893525576
35 0.816290914734824621121050075564628763574808162855568284082965 -0.235983366513354993183413161942194550735813898957155652328864 -0.42718788657671527841168288081257010454664488478009301907224
36 0.0852225867249737343069263505682871799985561783449677622081722 0.94691003630514051335390829174170918328147915682296893525576 0.0246371882319293413115148478749920458943961864894310466375924
37 -0.479858341781934633356371404803173048969413273355212761052103 -0.731068328009850886814123724996341583576251984510600521874792 0.3738764084435480824350280365010846751571384658772431565169
38 0.349239220211618741123513188626092629262742279387812109879308 -0.51972214972842523494222541092913907873483427204287591618352 -0.715841708295289626539784566745367599705227172312368413380968
39 0.42718788657671527841168288081257010454664488478009301907224 -0.816290914734824621121050075564628763574808162855568284082965 -0.235983366513354993183413161942194550735813898957155652328864
40 -0.51972214972842523494222541092913907873483427204287591618352 0.715841708295289626539784566745367599705227172312368413380968 0.349239220211618741123513188626092629262742279387812109879308
41 -0.349239220211618741123513188626092629262742279387812109879308 -0.51972214972842523494222541092913907873483427204287591618352 0.715841708295289626539784566745367599705227172312368413380968
42 -0.0246371882319293413115148478749920458943961864894310466375924 0.0852225867249737343069263505682871799985561783449677622081722 0.94691003630514051335390829174170918328147915682296893525576
43 0.349239220211618741123513188626092629262742279387812109879308 -0.51972214972842523494222541092913907873483427204287591618352 0.715841708295289626539784566745367599705227172312368413380968
44 0.211346178281425651871898314067202504841417712467724605691272 -0.467051694523205879997536886938536134312065883467756174203657 0.80106429502026336084671091731365477970378335065733617558914
45 0.80106429502026336084671091731365477970378335065733617558914 -0.211346178281425651871898314067202504841417712467724605691272 0.467051694523205879997536886938536134312065883467756174203657
46 -0.211346178281425651871898314067202504841417712467724605691272 -0.467051694523205879997536886938536134312065883467756174203657 0.80106429502026336084671091731365477970378335065733617558914
47 0.349239220211618741123513188626092629262742279387812109879308 0.51972214972842523494222541092913907873483427204287591618352 -0.715841708295289626539784566745367599705227172312368413380968
48 0.94691003630514051335390829174170918328147915682296893525576 0.0246371882319293413115148478749920458943961864894310466375924 0.0852225867249737343069263505682871799985561783449677622081722
49 0.479858341781934633356371404803173048969413273355212761052103 -0.731068328009850886814123724996341583576251984510600521874792 0.3738764084435480824350280365010846751571384658772431565169
50 -0.235983366513354993183413161942194550735813898957155652328864 0.42718788657671527841168288081257010454664488478009301907224 0.816290914734824621121050075564628763574808162855568284082965
51 -0.816290914734824621121050075564628763574808162855568284082965 -0.235983366513354993183413161942194550735813898957155652328864 0.42718788657671527841168288081257010454664488478009301907224
52 0.42718788657671527841168288081257010454664488478009301907224 0.816290914734824621121050075564628763574808162855568284082965 0.235983366513354993183413161942194550735813898957155652328864
53 0.816290914734824621121050075564628763574808162855568284082965 -0.235983366513354993183413161942194550735813898957155652328864 0.42718788657671527841168288081257010454664488478009301907224
54 0.94691003630514051335390829174170918328147915682296893525576 0.0246371882319293413115148478749920458943961864894310466375924 -0.0852225867249737343069263505682871799985561783449677622081723
55 0.3738764084435480824350280365010846751571384658772431565169 -0.479858341781934633356371404803173048969413273355212761052103 0.731068328009850886814123724996341583576251984510600521874792
56 0.0246371882319293413115148478749920458943961864894310466375924 0.0852225867249737343069263505682871799985561783449677622081723 0.94691003630514051335390829174170918328147915682296893525576
57 0.816290914734824621121050075564628763574808162855568284082965 0.235983366513354993183413161942194550735813898957155652328864 -0.42718788657671527841168288081257010454664488478009301907224
58 -0.51972214972842523494222541092913907873483427204287591618352 -0.715841708295289626539784566745367599705227172312368413380968 -0.349239220211618741123513188626092629262742279387812109879308
59 -0.349239220211618741123513188626092629262742279387812109879308 0.51972214972842523494222541092913907873483427204287591618352 0.715841708295289626539784566745367599705227172312368413380968
60 -0.42718788657671527841168288081257010454664488478009301907224 0.816290914734824621121050075564628763574808162855568284082965 0.235983366513354993183413161942194550735813898957155652328864
61 -0.80106429502026336084671091731365477970378335065733617558914 -0.211346178281425651871898314067202504841417712467724605691272 0.467051694523205879997536886938536134312065883467756174203657
62 0.467051694523205879997536886938536134312065883467756174203657 0.80106429502026336084671091731365477970378335065733617558914 0.211346178281425651871898314067202504841417712467724605691272
63 0.3738764084435480824350280365010846751571384658772431565169 0.479858341781934633356371404803173048969413273355212761052103 0.731068328009850886814123724996341583576251984510600521874792
64 -0.94691003630514051335390829174170918328147915682296893525576 -0.0246371882319293413115148478749920458943961864894310466375924 -0.0852225867249737343069263505682871799985561783449677622081722
65 -0.816290914734824621121050075564628763574808162855568284082965 0.235983366513354993183413161942194550735813898957155652328864 -0.42718788657671527841168288081257010454664488478009301907224
66 -0.349239220211618741123513188626092629262742279387812109879308 -0.51972214972842523494222541092913907873483427204287591618352 -0.715841708295289626539784566745367599705227172312368413380968
67 -0.731068328009850886814123724996341583576251984510600521874792 -0.3738764084435480824350280365010846751571384658772431565169 -0.479858341781934633356371404803173048969413273355212761052103
68 -0.479858341781934633356371404803173048969413273355212761052103 0.731068328009850886814123724996341583576251984510600521874792 0.3738764084435480824350280365010846751571384658772431565169
69 0.731068328009850886814123724996341583576251984510600521874792 -0.3738764084435480824350280365010846751571384658772431565169 -0.479858341781934633356371404803173048969413273355212761052103
70 -0.80106429502026336084671091731365477970378335065733617558914 0.211346178281425651871898314067202504841417712467724605691272 0.467051694523205879997536886938536134312065883467756174203657
71 -0.0852225867249737343069263505682871799985561783449677622081722 -0.94691003630514051335390829174170918328147915682296893525576 0.0246371882319293413115148478749920458943961864894310466375924
72 -0.0246371882319293413115148478749920458943961864894310466375924 -0.0852225867249737343069263505682871799985561783449677622081722 -0.94691003630514051335390829174170918328147915682296893525576
73 -0.94691003630514051335390829174170918328147915682296893525576 0.0246371882319293413115148478749920458943961864894310466375924 0.0852225867249737343069263505682871799985561783449677622081722
74 0.0246371882319293413115148478749920458943961864894310466375924 -0.0852225867249737343069263505682871799985561783449677622081722 -0.94691003630514051335390829174170918328147915682296893525576
75 -0.42718788657671527841168288081257010454664488478009301907224 0.816290914734824621121050075564628763574808162855568284082965 -0.235983366513354993183413161942194550735813898957155652328864
76 0.467051694523205879997536886938536134312065883467756174203657 0.80106429502026336084671091731365477970378335065733617558914 -0.211346178281425651871898314067202504841417712467724605691272
77 0.479858341781934633356371404803173048969413273355212761052103 0.731068328009850886814123724996341583576251984510600521874792 0.3738764084435480824350280365010846751571384658772431565169
78 0.3738764084435480824350280365010846751571384658772431565169 -0.479858341781934633356371404803173048969413273355212761052103 -0.731068328009850886814123724996341583576251984510600521874792
79 0.467051694523205879997536886938536134312065883467756174203657 -0.80106429502026336084671091731365477970378335065733617558914 -0.211346178281425651871898314067202504841417712467724605691272
80 -0.715841708295289626539784566745367599705227172312368413380968 0.349239220211618741123513188626092629262742279387812109879308 -0.51972214972842523494222541092913907873483427204287591618352
81 0.3738764084435480824350280365010846751571384658772431565169 0.479858341781934633356371404803173048969413273355212761052103 -0.731068328009850886814123724996341583576251984510600521874792
82 -0.235983366513354993183413161942194550735813898957155652328864 0.42718788657671527841168288081257010454664488478009301907224 -0.816290914734824621121050075564628763574808162855568284082965
83 0.80106429502026336084671091731365477970378335065733617558914 0.211346178281425651871898314067202504841417712467724605691272 -0.467051694523205879997536886938536134312065883467756174203657
84 0.42718788657671527841168288081257010454664488478009301907224 0.816290914734824621121050075564628763574808162855568284082965 -0.235983366513354993183413161942194550735813898957155652328864
85 -0.731068328009850886814123724996341583576251984510600521874792 -0.3738764084435480824350280365010846751571384658772431565169 0.479858341781934633356371404803173048969413273355212761052103
86 0.715841708295289626539784566745367599705227172312368413380968 -0.349239220211618741123513188626092629262742279387812109879308 -0.51972214972842523494222541092913907873483427204287591618352
87 0.467051694523205879997536886938536134312065883467756174203657 -0.80106429502026336084671091731365477970378335065733617558914 0.211346178281425651871898314067202504841417712467724605691272
88 0.94691003630514051335390829174170918328147915682296893525576 -0.0246371882319293413115148478749920458943961864894310466375924 0.0852225867249737343069263505682871799985561783449677622081722
89 -0.0246371882319293413115148478749920458943961864894310466375924 -0.0852225867249737343069263505682871799985561783449677622081722 0.94691003630514051335390829174170918328147915682296893525576
90 0.715841708295289626539784566745367599705227172312368413380968 0.349239220211618741123513188626092629262742279387812109879308 -0.51972214972842523494222541092913907873483427204287591618352
91 0.731068328009850886814123724996341583576251984510600521874792 -0.3738764084435480824350280365010846751571384658772431565169 0.479858341781934633356371404803173048969413273355212761052103
92 0.211346178281425651871898314067202504841417712467724605691272 0.467051694523205879997536886938536134312065883467756174203657 0.80106429502026336084671091731365477970378335065733617558914
93 0.80106429502026336084671091731365477970378335065733617558914 -0.211346178281425651871898314067202504841417712467724605691272 -0.467051694523205879997536886938536134312065883467756174203657
94 -0.467051694523205879997536886938536134312065883467756174203657 0.80106429502026336084671091731365477970378335065733617558914 -0.211346178281425651871898314067202504841417712467724605691272
95 -0.94691003630514051335390829174170918328147915682296893525576 -0.0246371882319293413115148478749920458943961864894310466375924 0.0852225867249737343069263505682871799985561783449677622081722
96 -0.0852225867249737343069263505682871799985561783449677622081723 -0.94691003630514051335390829174170918328147915682296893525576 -0.0246371882319293413115148478749920458943961864894310466375924
97 -0.816290914734824621121050075564628763574808162855568284082965 0.235983366513354993183413161942194550735813898957155652328864 0.42718788657671527841168288081257010454664488478009301907224
98 -0.42718788657671527841168288081257010454664488478009301907224 -0.816290914734824621121050075564628763574808162855568284082965 0.235983366513354993183413161942194550735813898957155652328864
99 -0.3738764084435480824350280365010846751571384658772431565169 0.479858341781934633356371404803173048969413273355212761052103 0.731068328009850886814123724996341583576251984510600521874792
100 0.42718788657671527841168288081257010454664488478009301907224 -0.816290914734824621121050075564628763574808162855568284082965 0.235983366513354993183413161942194550735813898957155652328864
101 0.731068328009850886814123724996341583576251984510600521874792 0.3738764084435480824350280365010846751571384658772431565169 0.479858341781934633356371404803173048969413273355212761052103
102 0.94691003630514051335390829174170918328147915682296893525576 -0.0246371882319293413115148478749920458943961864894310466375924 -0.0852225867249737343069263505682871799985561783449677622081723
103 -0.816290914734824621121050075564628763574808162855568284082965 -0.235983366513354993183413161942194550735813898957155652328864 -0.42718788657671527841168288081257010454664488478009301907224
104 0.211346178281425651871898314067202504841417712467724605691272 -0.467051694523205879997536886938536134312065883467756174203657 -0.80106429502026336084671091731365477970378335065733617558914
105 -0.3738764084435480824350280365010846751571384658772431565169 -0.479858341781934633356371404803173048969413273355212761052103 0.731068328009850886814123724996341583576251984510600521874792
106 -0.467051694523205879997536886938536134312065883467756174203657 -0.80106429502026336084671091731365477970378335065733617558914 0.211346178281425651871898314067202504841417712467724605691272
107 -0.479858341781934633356371404803173048969413273355212761052103 -0.731068328009850886814123724996341583576251984510600521874792 -0.3738764084435480824350280365010846751571384658772431565169
108 -0.94691003630514051335390829174170918328147915682296893525576 0.0246371882319293413115148478749920458943961864894310466375924 -0.0852225867249737343069263505682871799985561783449677622081722
109 -0.715841708295289626539784566745367599705227172312368413380968 -0.349239220211618741123513188626092629262742279387812109879308 -0.51972214972842523494222541092913907873483427204287591618352
110 -0.211346178281425651871898314067202504841417712467724605691272 -0.467051694523205879997536886938536134312065883467756174203657 -0.80106429502026336084671091731365477970378335065733617558914
111 -0.731068328009850886814123724996341583576251984510600521874792 0.3738764084435480824350280365010846751571384658772431565169 -0.479858341781934633356371404803173048969413273355212761052103
112 -0.479858341781934633356371404803173048969413273355212761052103 0.731068328009850886814123724996341583576251984510600521874792 -0.3738764084435480824350280365010846751571384658772431565169
113 -0.0246371882319293413115148478749920458943961864894310466375924 0.0852225867249737343069263505682871799985561783449677622081722 -0.94691003630514051335390829174170918328147915682296893525576
114 -0.467051694523205879997536886938536134312065883467756174203657 -0.80106429502026336084671091731365477970378335065733617558914 -0.211346178281425651871898314067202504841417712467724605691272
115 -0.211346178281425651871898314067202504841417712467724605691272 0.467051694523205879997536886938536134312065883467756174203657 -0.80106429502026336084671091731365477970378335065733617558914
116 -0.42718788657671527841168288081257010454664488478009301907224 -0.816290914734824621121050075564628763574808162855568284082965 -0.235983366513354993183413161942194550735813898957155652328864
117 -0.3738764084435480824350280365010846751571384658772431565169 0.479858341781934633356371404803173048969413273355212761052103 -0.731068328009850886814123724996341583576251984510600521874792
118 -0.80106429502026336084671091731365477970378335065733617558914 -0.211346178281425651871898314067202504841417712467724605691272 -0.467051694523205879997536886938536134312065883467756174203657
119 -0.3738764084435480824350280365010846751571384658772431565169 -0.479858341781934633356371404803173048969413273355212761052103 -0.731068328009850886814123724996341583576251984510600521874792
120 -0.731068328009850886814123724996341583576251984510600521874792 0.3738764084435480824350280365010846751571384658772431565169 0.479858341781934633356371404803173048969413273355212761052103
121 0.235983366513354993183413161942194550735813898957155652328864 -0.42718788657671527841168288081257010454664488478009301907224 -0.816290914734824621121050075564628763574808162855568284082965
122 -0.235983366513354993183413161942194550735813898957155652328864 -0.42718788657671527841168288081257010454664488478009301907224 -0.816290914734824621121050075564628763574808162855568284082965
123 -0.467051694523205879997536886938536134312065883467756174203657 0.80106429502026336084671091731365477970378335065733617558914 0.211346178281425651871898314067202504841417712467724605691272
124 0.0852225867249737343069263505682871799985561783449677622081722 0.94691003630514051335390829174170918328147915682296893525576 -0.0246371882319293413115148478749920458943961864894310466375924
125 0.479858341781934633356371404803173048969413273355212761052103 -0.731068328009850886814123724996341583576251984510600521874792 -0.3738764084435480824350280365010846751571384658772431565169
126 0.0852225867249737343069263505682871799985561783449677622081723 -0.94691003630514051335390829174170918328147915682296893525576 -0.0246371882319293413115148478749920458943961864894310466375924
127 0.479858341781934633356371404803173048969413273355212761052103 0.731068328009850886814123724996341583576251984510600521874792 -0.3738764084435480824350280365010846751571384658772431565169
128 0.211346178281425651871898314067202504841417712467724605691272 0.467051694523205879997536886938536134312065883467756174203657 -0.80106429502026336084671091731365477970378335065733617558914
129 -0.0852225867249737343069263505682871799985561783449677622081722 0.94691003630514051335390829174170918328147915682296893525576 -0.0246371882319293413115148478749920458943961864894310466375924
130 -0.80106429502026336084671091731365477970378335065733617558914 0.211346178281425651871898314067202504841417712467724605691272 -0.467051694523205879997536886938536134312065883467756174203657
131 0.235983366513354993183413161942194550735813898957155652328864 0.42718788657671527841168288081257010454664488478009301907224 -0.816290914734824621121050075564628763574808162855568284082965
132 -0.0796067070830997063933243114692079231748114716573897235633145 -0.0834475790144291921402953497126260380396253398799098455155326 0.9440380134991863090027394022490421215462191993544923048043
133 0.0796067070830997063933243114692079231748114716573897235633145 0.0834475790144291921402953497126260380396253398799098455155326 0.9440380134991863090027394022490421215462191993544923048043
134 0.9440380134991863090027394022490421215462191993544923048043 -0.0796067070830997063933243114692079231748114716573897235633145 -0.0834475790144291921402953497126260380396253398799098455155326
135 0.319430945527784185323708511654820588775439238837065497844397 -0.562208905700954163312128865878793167232709494231703892808816 0.697419181394686845267348009781651428224135075737333787887664
136 -0.0796067070830997063933243114692079231748114716573897235633145 0.0834475790144291921402953497126260380396253398799098455155326 0.9440380134991863090027394022490421215462191993544923048043
137 0.9440380134991863090027394022490421215462191993544923048043 0.0796067070830997063933243114692079231748114716573897235633145 0.0834475790144291921402953497126260380396253398799098455155326
138 0.264016633486645006816586838057805449264186101042844347671136 -0.381829107798232145690610536370248954313509705122788411995485 0.830066411118928655875686742180016731361709463497068362432169
139 0.0796067070830997063933243114692079231748114716573897235633145 -0.0834475790144291921402953497126260380396253398799098455155326 0.9440380134991863090027394022490421215462191993544923048043
140 -0.9440380134991863090027394022490421215462191993544923048043 0.0796067070830997063933243114692079231748114716573897235633145 -0.0834475790144291921402953497126260380396253398799098455155326
141 -0.0834475790144291921402953497126260380396253398799098455155326 0.9440380134991863090027394022490421215462191993544923048043 -0.0796067070830997063933243114692079231748114716573897235633145
142 0.510635465591144470551978230525196142586270224660002864587772 0.780866760409116037407643359494277466263760415617243633403196 0.184409926403545300423262526588597526089374629385454624107821
143 0.9440380134991863090027394022490421215462191993544923048043 0.0796067070830997063933243114692079231748114716573897235633145 -0.0834475790144291921402953497126260380396253398799098455155326
144 -0.319430945527784185323708511654820588775439238837065497844397 0.562208905700954163312128865878793167232709494231703892808816 0.697419181394686845267348009781651428224135075737333787887664
145 0.697419181394686845267348009781651428224135075737333787887664 0.319430945527784185323708511654820588775439238837065497844397 -0.562208905700954163312128865878793167232709494231703892808816
146 0.830066411118928655875686742180016731361709463497068362432169 -0.264016633486645006816586838057805449264186101042844347671136 0.381829107798232145690610536370248954313509705122788411995485
147 0.319430945527784185323708511654820588775439238837065497844397 0.562208905700954163312128865878793167232709494231703892808816 0.697419181394686845267348009781651428224135075737333787887664
148 0.9440380134991863090027394022490421215462191993544923048043 -0.0796067070830997063933243114692079231748114716573897235633145 0.0834475790144291921402953497126260380396253398799098455155326
149 0.184409926403545300423262526588597526089374629385454624107821 -0.510635465591144470551978230525196142586270224660002864587772 0.780866760409116037407643359494277466263760415617243633403196
150 -0.9440380134991863090027394022490421215462191993544923048043 -0.0796067070830997063933243114692079231748114716573897235633145 0.0834475790144291921402953497126260380396253398799098455155326
151 0.0834475790144291921402953497126260380396253398799098455155326 0.9440380134991863090027394022490421215462191993544923048043 0.0796067070830997063933243114692079231748114716573897235633145
152 0.433402547908041838450761171723845978959948974694489440216528 0.746618832104499463735391392467390693322084123617158516916637 0.399037652610883891717032823124028511950250710494455221407712
153 -0.264016633486645006816586838057805449264186101042844347671136 0.381829107798232145690610536370248954313509705122788411995485 0.830066411118928655875686742180016731361709463497068362432169
154 0.830066411118928655875686742180016731361709463497068362432169 0.264016633486645006816586838057805449264186101042844347671136 -0.381829107798232145690610536370248954313509705122788411995485
155 0.697419181394686845267348009781651428224135075737333787887664 -0.319430945527784185323708511654820588775439238837065497844397 0.562208905700954163312128865878793167232709494231703892808816
156 0.264016633486645006816586838057805449264186101042844347671136 0.381829107798232145690610536370248954313509705122788411995485 0.830066411118928655875686742180016731361709463497068362432169
157 0.399037652610883891717032823124028511950250710494455221407712 -0.433402547908041838450761171723845978959948974694489440216528 0.746618832104499463735391392467390693322084123617158516916637
158 -0.0834475790144291921402953497126260380396253398799098455155326 -0.9440380134991863090027394022490421215462191993544923048043 0.0796067070830997063933243114692079231748114716573897235633145
159 -0.562208905700954163312128865878793167232709494231703892808816 -0.697419181394686845267348009781651428224135075737333787887664 -0.319430945527784185323708511654820588775439238837065497844397
160 -0.9440380134991863090027394022490421215462191993544923048043 -0.0796067070830997063933243114692079231748114716573897235633145 -0.0834475790144291921402953497126260380396253398799098455155326
161 0.0834475790144291921402953497126260380396253398799098455155326 -0.9440380134991863090027394022490421215462191993544923048043 -0.0796067070830997063933243114692079231748114716573897235633145
162 -0.830066411118928655875686742180016731361709463497068362432169 0.264016633486645006816586838057805449264186101042844347671136 0.381829107798232145690610536370248954313509705122788411995485
163 -0.0834475790144291921402953497126260380396253398799098455155326 -0.9440380134991863090027394022490421215462191993544923048043 -0.0796067070830997063933243114692079231748114716573897235633145
164 -0.510635465591144470551978230525196142586270224660002864587772 -0.780866760409116037407643359494277466263760415617243633403196 0.184409926403545300423262526588597526089374629385454624107821
165 0.184409926403545300423262526588597526089374629385454624107821 0.510635465591144470551978230525196142586270224660002864587772 0.780866760409116037407643359494277466263760415617243633403196
166 0.510635465591144470551978230525196142586270224660002864587772 -0.780866760409116037407643359494277466263760415617243633403196 0.184409926403545300423262526588597526089374629385454624107821
167 -0.0834475790144291921402953497126260380396253398799098455155326 0.9440380134991863090027394022490421215462191993544923048043 0.0796067070830997063933243114692079231748114716573897235633145
168 0.381829107798232145690610536370248954313509705122788411995485 0.830066411118928655875686742180016731361709463497068362432169 0.264016633486645006816586838057805449264186101042844347671136
169 -0.399037652610883891717032823124028511950250710494455221407712 -0.433402547908041838450761171723845978959948974694489440216528 0.746618832104499463735391392467390693322084123617158516916637
170 -0.319430945527784185323708511654820588775439238837065497844397 -0.562208905700954163312128865878793167232709494231703892808816 0.697419181394686845267348009781651428224135075737333787887664
171 -0.697419181394686845267348009781651428224135075737333787887664 -0.319430945527784185323708511654820588775439238837065497844397 -0.562208905700954163312128865878793167232709494231703892808816
172 -0.562208905700954163312128865878793167232709494231703892808816 0.697419181394686845267348009781651428224135075737333787887664 0.319430945527784185323708511654820588775439238837065497844397
173 0.697419181394686845267348009781651428224135075737333787887664 -0.319430945527784185323708511654820588775439238837065497844397 -0.562208905700954163312128865878793167232709494231703892808816
174 0.381829107798232145690610536370248954313509705122788411995485 0.830066411118928655875686742180016731361709463497068362432169 -0.264016633486645006816586838057805449264186101042844347671136
175 0.746618832104499463735391392467390693322084123617158516916637 0.399037652610883891717032823124028511950250710494455221407712 0.433402547908041838450761171723845978959948974694489440216528
176 0.830066411118928655875686742180016731361709463497068362432169 0.264016633486645006816586838057805449264186101042844347671136 0.381829107798232145690610536370248954313509705122788411995485
177 0.697419181394686845267348009781651428224135075737333787887664 0.319430945527784185323708511654820588775439238837065497844397 0.562208905700954163312128865878793167232709494231703892808816
178 -0.9440380134991863090027394022490421215462191993544923048043 0.0796067070830997063933243114692079231748114716573897235633145 0.0834475790144291921402953497126260380396253398799098455155326
179 0.0834475790144291921402953497126260380396253398799098455155326 0.9440380134991863090027394022490421215462191993544923048043 -0.0796067070830997063933243114692079231748114716573897235633145
180 0.562208905700954163312128865878793167232709494231703892808816 0.697419181394686845267348009781651428224135075737333787887664 0.319430945527784185323708511654820588775439238837065497844397
181 -0.184409926403545300423262526588597526089374629385454624107821 0.510635465591144470551978230525196142586270224660002864587772 0.780866760409116037407643359494277466263760415617243633403196
182 0.780866760409116037407643359494277466263760415617243633403196 0.184409926403545300423262526588597526089374629385454624107821 -0.510635465591144470551978230525196142586270224660002864587772
183 0.746618832104499463735391392467390693322084123617158516916637 -0.399037652610883891717032823124028511950250710494455221407712 0.433402547908041838450761171723845978959948974694489440216528
184 -0.381829107798232145690610536370248954313509705122788411995485 -0.830066411118928655875686742180016731361709463497068362432169 -0.264016633486645006816586838057805449264186101042844347671136
185 -0.697419181394686845267348009781651428224135075737333787887664 0.319430945527784185323708511654820588775439238837065497844397 0.562208905700954163312128865878793167232709494231703892808816
186 0.0834475790144291921402953497126260380396253398799098455155326 -0.9440380134991863090027394022490421215462191993544923048043 0.0796067070830997063933243114692079231748114716573897235633145
187 -0.433402547908041838450761171723845978959948974694489440216528 -0.746618832104499463735391392467390693322084123617158516916637 0.399037652610883891717032823124028511950250710494455221407712
188 0.399037652610883891717032823124028511950250710494455221407712 0.433402547908041838450761171723845978959948974694489440216528 0.746618832104499463735391392467390693322084123617158516916637
189 0.433402547908041838450761171723845978959948974694489440216528 -0.746618832104499463735391392467390693322084123617158516916637 0.399037652610883891717032823124028511950250710494455221407712
190 -0.184409926403545300423262526588597526089374629385454624107821 -0.510635465591144470551978230525196142586270224660002864587772 0.780866760409116037407643359494277466263760415617243633403196
191 -0.264016633486645006816586838057805449264186101042844347671136 -0.381829107798232145690610536370248954313509705122788411995485 0.830066411118928655875686742180016731361709463497068362432169
192 -0.830066411118928655875686742180016731361709463497068362432169 -0.264016633486645006816586838057805449264186101042844347671136 -0.381829107798232145690610536370248954313509705122788411995485
193 -0.381829107798232145690610536370248954313509705122788411995485 0.830066411118928655875686742180016731361709463497068362432169 0.264016633486645006816586838057805449264186101042844347671136
194 0.830066411118928655875686742180016731361709463497068362432169 -0.264016633486645006816586838057805449264186101042844347671136 -0.381829107798232145690610536370248954313509705122788411995485
195 0.562208905700954163312128865878793167232709494231703892808816 0.697419181394686845267348009781651428224135075737333787887664 -0.319430945527784185323708511654820588775439238837065497844397
196 0.780866760409116037407643359494277466263760415617243633403196 0.184409926403545300423262526588597526089374629385454624107821 0.510635465591144470551978230525196142586270224660002864587772
197 -0.399037652610883891717032823124028511950250710494455221407712 0.433402547908041838450761171723845978959948974694489440216528 0.746618832104499463735391392467390693322084123617158516916637
198 0.746618832104499463735391392467390693322084123617158516916637 0.399037652610883891717032823124028511950250710494455221407712 -0.433402547908041838450761171723845978959948974694489440216528
199 0.780866760409116037407643359494277466263760415617243633403196 -0.184409926403545300423262526588597526089374629385454624107821 0.510635465591144470551978230525196142586270224660002864587772
200 0.0796067070830997063933243114692079231748114716573897235633145 -0.0834475790144291921402953497126260380396253398799098455155326 -0.9440380134991863090027394022490421215462191993544923048043
201 0.746618832104499463735391392467390693322084123617158516916637 -0.399037652610883891717032823124028511950250710494455221407712 -0.433402547908041838450761171723845978959948974694489440216528
202 -0.319430945527784185323708511654820588775439238837065497844397 -0.562208905700954163312128865878793167232709494231703892808816 -0.697419181394686845267348009781651428224135075737333787887664
203 0.184409926403545300423262526588597526089374629385454624107821 -0.510635465591144470551978230525196142586270224660002864587772 -0.780866760409116037407643359494277466263760415617243633403196
204 -0.562208905700954163312128865878793167232709494231703892808816 0.697419181394686845267348009781651428224135075737333787887664 -0.319430945527784185323708511654820588775439238837065497844397
205 -0.433402547908041838450761171723845978959948974694489440216528 -0.746618832104499463735391392467390693322084123617158516916637 -0.399037652610883891717032823124028511950250710494455221407712
206 -0.0796067070830997063933243114692079231748114716573897235633145 0.0834475790144291921402953497126260380396253398799098455155326 -0.9440380134991863090027394022490421215462191993544923048043
207 0.780866760409116037407643359494277466263760415617243633403196 -0.184409926403545300423262526588597526089374629385454624107821 -0.510635465591144470551978230525196142586270224660002864587772
208 0.381829107798232145690610536370248954313509705122788411995485 -0.830066411118928655875686742180016731361709463497068362432169 0.264016633486645006816586838057805449264186101042844347671136
209 -0.830066411118928655875686742180016731361709463497068362432169 -0.264016633486645006816586838057805449264186101042844347671136 0.381829107798232145690610536370248954313509705122788411995485
210 -0.0796067070830997063933243114692079231748114716573897235633145 -0.0834475790144291921402953497126260380396253398799098455155326 -0.9440380134991863090027394022490421215462191993544923048043
211 0.433402547908041838450761171723845978959948974694489440216528 -0.746618832104499463735391392467390693322084123617158516916637 -0.399037652610883891717032823124028511950250710494455221407712
212 -0.510635465591144470551978230525196142586270224660002864587772 0.780866760409116037407643359494277466263760415617243633403196 0.184409926403545300423262526588597526089374629385454624107821
213 0.184409926403545300423262526588597526089374629385454624107821 0.510635465591144470551978230525196142586270224660002864587772 -0.780866760409116037407643359494277466263760415617243633403196
214 -0.780866760409116037407643359494277466263760415617243633403196 0.184409926403545300423262526588597526089374629385454624107821 0.510635465591144470551978230525196142586270224660002864587772
215 -0.381829107798232145690610536370248954313509705122788411995485 -0.830066411118928655875686742180016731361709463497068362432169 0.264016633486645006816586838057805449264186101042844347671136
216 -0.264016633486645006816586838057805449264186101042844347671136 -0.381829107798232145690610536370248954313509705122788411995485 -0.830066411118928655875686742180016731361709463497068362432169
217 -0.697419181394686845267348009781651428224135075737333787887664 0.319430945527784185323708511654820588775439238837065497844397 -0.562208905700954163312128865878793167232709494231703892808816
218 0.562208905700954163312128865878793167232709494231703892808816 -0.697419181394686845267348009781651428224135075737333787887664 0.319430945527784185323708511654820588775439238837065497844397
219 -0.746618832104499463735391392467390693322084123617158516916637 -0.399037652610883891717032823124028511950250710494455221407712 0.433402547908041838450761171723845978959948974694489440216528
220 -0.562208905700954163312128865878793167232709494231703892808816 -0.697419181394686845267348009781651428224135075737333787887664 0.319430945527784185323708511654820588775439238837065497844397
221 0.433402547908041838450761171723845978959948974694489440216528 0.746618832104499463735391392467390693322084123617158516916637 -0.399037652610883891717032823124028511950250710494455221407712
222 0.381829107798232145690610536370248954313509705122788411995485 -0.830066411118928655875686742180016731361709463497068362432169 -0.264016633486645006816586838057805449264186101042844347671136
223 -0.697419181394686845267348009781651428224135075737333787887664 -0.319430945527784185323708511654820588775439238837065497844397 0.562208905700954163312128865878793167232709494231703892808816
224 -0.510635465591144470551978230525196142586270224660002864587772 -0.780866760409116037407643359494277466263760415617243633403196 -0.184409926403545300423262526588597526089374629385454624107821
225 -0.746618832104499463735391392467390693322084123617158516916637 0.399037652610883891717032823124028511950250710494455221407712 0.433402547908041838450761171723845978959948974694489440216528
226 -0.780866760409116037407643359494277466263760415617243633403196 -0.184409926403545300423262526588597526089374629385454624107821 -0.510635465591144470551978230525196142586270224660002864587772
227 0.399037652610883891717032823124028511950250710494455221407712 -0.433402547908041838450761171723845978959948974694489440216528 -0.746618832104499463735391392467390693322084123617158516916637
228 -0.381829107798232145690610536370248954313509705122788411995485 0.830066411118928655875686742180016731361709463497068362432169 -0.264016633486645006816586838057805449264186101042844347671136
229 0.0796067070830997063933243114692079231748114716573897235633145 0.0834475790144291921402953497126260380396253398799098455155326 -0.9440380134991863090027394022490421215462191993544923048043
230 0.510635465591144470551978230525196142586270224660002864587772 -0.780866760409116037407643359494277466263760415617243633403196 -0.184409926403545300423262526588597526089374629385454624107821
231 -0.433402547908041838450761171723845978959948974694489440216528 0.746618832104499463735391392467390693322084123617158516916637 0.399037652610883891717032823124028511950250710494455221407712
232 0.399037652610883891717032823124028511950250710494455221407712 0.433402547908041838450761171723845978959948974694489440216528 -0.746618832104499463735391392467390693322084123617158516916637
233 -0.830066411118928655875686742180016731361709463497068362432169 0.264016633486645006816586838057805449264186101042844347671136 -0.381829107798232145690610536370248954313509705122788411995485
234 -0.780866760409116037407643359494277466263760415617243633403196 -0.184409926403545300423262526588597526089374629385454624107821 0.510635465591144470551978230525196142586270224660002864587772
235 0.510635465591144470551978230525196142586270224660002864587772 0.780866760409116037407643359494277466263760415617243633403196 -0.184409926403545300423262526588597526089374629385454624107821
236 0.562208905700954163312128865878793167232709494231703892808816 -0.697419181394686845267348009781651428224135075737333787887664 -0.319430945527784185323708511654820588775439238837065497844397
237 -0.746618832104499463735391392467390693322084123617158516916637 -0.399037652610883891717032823124028511950250710494455221407712 -0.433402547908041838450761171723845978959948974694489440216528
238 -0.184409926403545300423262526588597526089374629385454624107821 0.510635465591144470551978230525196142586270224660002864587772 -0.780866760409116037407643359494277466263760415617243633403196
239 -0.746618832104499463735391392467390693322084123617158516916637 0.399037652610883891717032823124028511950250710494455221407712 -0.433402547908041838450761171723845978959948974694489440216528
240 -0.433402547908041838450761171723845978959948974694489440216528 0.746618832104499463735391392467390693322084123617158516916637 -0.399037652610883891717032823124028511950250710494455221407712
241 0.319430945527784185323708511654820588775439238837065497844397 0.562208905700954163312128865878793167232709494231703892808816 -0.697419181394686845267348009781651428224135075737333787887664
242 -0.319430945527784185323708511654820588775439238837065497844397 0.562208905700954163312128865878793167232709494231703892808816 -0.697419181394686845267348009781651428224135075737333787887664
243 -0.780866760409116037407643359494277466263760415617243633403196 0.184409926403545300423262526588597526089374629385454624107821 -0.510635465591144470551978230525196142586270224660002864587772
244 0.264016633486645006816586838057805449264186101042844347671136 0.381829107798232145690610536370248954313509705122788411995485 -0.830066411118928655875686742180016731361709463497068362432169
245 -0.399037652610883891717032823124028511950250710494455221407712 -0.433402547908041838450761171723845978959948974694489440216528 -0.746618832104499463735391392467390693322084123617158516916637
246 0.264016633486645006816586838057805449264186101042844347671136 -0.381829107798232145690610536370248954313509705122788411995485 -0.830066411118928655875686742180016731361709463497068362432169
247 -0.399037652610883891717032823124028511950250710494455221407712 0.433402547908041838450761171723845978959948974694489440216528 -0.746618832104499463735391392467390693322084123617158516916637
248 -0.510635465591144470551978230525196142586270224660002864587772 0.780866760409116037407643359494277466263760415617243633403196 -0.184409926403545300423262526588597526089374629385454624107821
249 -0.264016633486645006816586838057805449264186101042844347671136 0.381829107798232145690610536370248954313509705122788411995485 -0.830066411118928655875686742180016731361709463497068362432169
250 -0.184409926403545300423262526588597526089374629385454624107821 -0.510635465591144470551978230525196142586270224660002864587772 -0.780866760409116037407643359494277466263760415617243633403196
251 0.319430945527784185323708511654820588775439238837065497844397 -0.562208905700954163312128865878793167232709494231703892808816 -0.697419181394686845267348009781651428224135075737333787887664
252 -0.176457227048861237167680026719433246933003390139909368629237 0.7992892873097188186800799164579936377448525121922782588965 0.484260239335857626023959173692315691948806888839422983615884
253 0.176457227048861237167680026719433246933003390139909368629237 -0.7992892873097188186800799164579936377448525121922782588965 0.484260239335857626023959173692315691948806888839422983615884
254 0.484260239335857626023959173692315691948806888839422983615884 -0.176457227048861237167680026719433246933003390139909368629237 0.7992892873097188186800799164579936377448525121922782588965
255 -0.585222586724973734306926350568287179998556178344967762208172 -0.137893041930193089251614874558890124421324566920087504188036 0.736891125039270858313177891742565272206782045906555344745413
256 -0.176457227048861237167680026719433246933003390139909368629237 -0.7992892873097188186800799164579936377448525121922782588965 0.484260239335857626023959173692315691948806888839422983615884
257 0.484260239335857626023959173692315691948806888839422983615884 0.176457227048861237167680026719433246933003390139909368629237 -0.7992892873097188186800799164579936377448525121922782588965
258 0.884511874034692552987006267026280817743408690537246021104673 -0.346367197405664536772344299133425567527482321919335479427848 0.0466584016063055863908611984077440574868773551251458977669714
259 0.176457227048861237167680026719433246933003390139909368629237 0.7992892873097188186800799164579936377448525121922782588965 0.484260239335857626023959173692315691948806888839422983615884
260 -0.484260239335857626023959173692315691948806888839422983615884 0.176457227048861237167680026719433246933003390139909368629237 0.7992892873097188186800799164579936377448525121922782588965
261 0.7992892873097188186800799164579936377448525121922782588965 0.484260239335857626023959173692315691948806888839422983615884 -0.176457227048861237167680026719433246933003390139909368629237
262 0.631880988331279320697787548976031237485433533470113659975144 -0.0623981622704479603669020247154283655380704662857229141510876 0.708054646985831315819326240306847570810405300397336652475436
263 0.484260239335857626023959173692315691948806888839422983615884 0.176457227048861237167680026719433246933003390139909368629237 0.7992892873097188186800799164579936377448525121922782588965
264 0.585222586724973734306926350568287179998556178344967762208172 0.137893041930193089251614874558890124421324566920087504188036 0.736891125039270858313177891742565272206782045906555344745413
265 0.736891125039270858313177891742565272206782045906555344745413 -0.585222586724973734306926350568287179998556178344967762208172 -0.137893041930193089251614874558890124421324566920087504188036
266 0.0466584016063055863908611984077440574868773551251458977669714 -0.884511874034692552987006267026280817743408690537246021104673 0.346367197405664536772344299133425567527482321919335479427848
267 -0.585222586724973734306926350568287179998556178344967762208172 0.137893041930193089251614874558890124421324566920087504188036 0.736891125039270858313177891742565272206782045906555344745413
268 0.484260239335857626023959173692315691948806888839422983615884 -0.176457227048861237167680026719433246933003390139909368629237 -0.7992892873097188186800799164579936377448525121922782588965
269 0.708054646985831315819326240306847570810405300397336652475436 -0.631880988331279320697787548976031237485433533470113659975144 -0.0623981622704479603669020247154283655380704662857229141510876
270 -0.484260239335857626023959173692315691948806888839422983615884 -0.176457227048861237167680026719433246933003390139909368629237 -0.7992892873097188186800799164579936377448525121922782588965
271 -0.7992892873097188186800799164579936377448525121922782588965 0.484260239335857626023959173692315691948806888839422983615884 0.176457227048861237167680026719433246933003390139909368629237
272 -0.14762074899542169467382837528371554553662664463069067635926 0.845947688916024405070941114865737695231729867317424156663472 -0.408765359676112497139246323848853933065552788205058393578936
273 -0.884511874034692552987006267026280817743408690537246021104673 0.346367197405664536772344299133425567527482321919335479427848 0.0466584016063055863908611984077440574868773551251458977669714
274 0.0466584016063055863908611984077440574868773551251458977669714 0.884511874034692552987006267026280817743408690537246021104673 -0.346367197405664536772344299133425567527482321919335479427848
275 0.736891125039270858313177891742565272206782045906555344745413 0.585222586724973734306926350568287179998556178344967762208172 0.137893041930193089251614874558890124421324566920087504188036
276 0.884511874034692552987006267026280817743408690537246021104673 0.346367197405664536772344299133425567527482321919335479427848 0.0466584016063055863908611984077440574868773551251458977669714
277 -0.408765359676112497139246323848853933065552788205058393578936 0.14762074899542169467382837528371554553662664463069067635926 0.845947688916024405070941114865737695231729867317424156663472
278 0.7992892873097188186800799164579936377448525121922782588965 -0.484260239335857626023959173692315691948806888839422983615884 0.176457227048861237167680026719433246933003390139909368629237
279 -0.137893041930193089251614874558890124421324566920087504188036 -0.736891125039270858313177891742565272206782045906555344745413 0.585222586724973734306926350568287179998556178344967762208172
280 -0.484260239335857626023959173692315691948806888839422983615884 -0.176457227048861237167680026719433246933003390139909368629237 0.7992892873097188186800799164579936377448525121922782588965
281 -0.7992892873097188186800799164579936377448525121922782588965 -0.484260239335857626023959173692315691948806888839422983615884 -0.176457227048861237167680026719433246933003390139909368629237
282 -0.0466584016063055863908611984077440574868773551251458977669714 0.884511874034692552987006267026280817743408690537246021104673 0.346367197405664536772344299133425567527482321919335479427848
283 0.7992892873097188186800799164579936377448525121922782588965 -0.484260239335857626023959173692315691948806888839422983615884 -0.176457227048861237167680026719433246933003390139909368629237
284 -0.631880988331279320697787548976031237485433533470113659975144 0.0623981622704479603669020247154283655380704662857229141510876 0.708054646985831315819326240306847570810405300397336652475436
285 0.708054646985831315819326240306847570810405300397336652475436 0.631880988331279320697787548976031237485433533470113659975144 -0.0623981622704479603669020247154283655380704662857229141510876
286 0.631880988331279320697787548976031237485433533470113659975144 0.0623981622704479603669020247154283655380704662857229141510876 0.708054646985831315819326240306847570810405300397336652475436
287 0.7992892873097188186800799164579936377448525121922782588965 0.484260239335857626023959173692315691948806888839422983615884 0.176457227048861237167680026719433246933003390139909368629237
288 0.346367197405664536772344299133425567527482321919335479427848 0.0466584016063055863908611984077440574868773551251458977669714 0.884511874034692552987006267026280817743408690537246021104673
289 0.408765359676112497139246323848853933065552788205058393578935 0.14762074899542169467382837528371554553662664463069067635926 0.845947688916024405070941114865737695231729867317424156663472
290 0.585222586724973734306926350568287179998556178344967762208172 -0.137893041930193089251614874558890124421324566920087504188036 0.736891125039270858313177891742565272206782045906555344745413
291 -0.736891125039270858313177891742565272206782045906555344745413 0.585222586724973734306926350568287179998556178344967762208172 -0.137893041930193089251614874558890124421324566920087504188036
292 -0.137893041930193089251614874558890124421324566920087504188036 0.736891125039270858313177891742565272206782045906555344745413 -0.585222586724973734306926350568287179998556178344967762208172
293 0.736891125039270858313177891742565272206782045906555344745413 0.585222586724973734306926350568287179998556178344967762208172 -0.137893041930193089251614874558890124421324566920087504188036
294 0.346367197405664536772344299133425567527482321919335479427848 0.0466584016063055863908611984077440574868773551251458977669714 -0.884511874034692552987006267026280817743408690537246021104673
295 0.845947688916024405070941114865737695231729867317424156663472 -0.408765359676112497139246323848853933065552788205058393578935 -0.14762074899542169467382837528371554553662664463069067635926
296 0.0466584016063055863908611984077440574868773551251458977669714 0.884511874034692552987006267026280817743408690537246021104673 0.346367197405664536772344299133425567527482321919335479427848
297 0.736891125039270858313177891742565272206782045906555344745413 -0.585222586724973734306926350568287179998556178344967762208172 0.137893041930193089251614874558890124421324566920087504188036
298 -0.484260239335857626023959173692315691948806888839422983615884 0.176457227048861237167680026719433246933003390139909368629237 -0.7992892873097188186800799164579936377448525121922782588965
299 -0.7992892873097188186800799164579936377448525121922782588965 0.484260239335857626023959173692315691948806888839422983615884 -0.176457227048861237167680026719433246933003390139909368629237
300 0.137893041930193089251614874558890124421324566920087504188036 0.736891125039270858313177891742565272206782045906555344745413 -0.585222586724973734306926350568287179998556178344967762208172
301 -0.708054646985831315819326240306847570810405300397336652475436 0.631880988331279320697787548976031237485433533470113659975144 -0.0623981622704479603669020247154283655380704662857229141510876
302 -0.0623981622704479603669020247154283655380704662857229141510876 0.708054646985831315819326240306847570810405300397336652475436 -0.631880988331279320697787548976031237485433533470113659975144
303 0.845947688916024405070941114865737695231729867317424156663472 0.408765359676112497139246323848853933065552788205058393578935 -0.14762074899542169467382837528371554553662664463069067635926
304 -0.346367197405664536772344299133425567527482321919335479427848 -0.0466584016063055863908611984077440574868773551251458977669714 -0.884511874034692552987006267026280817743408690537246021104673
305 -0.736891125039270858313177891742565272206782045906555344745413 -0.585222586724973734306926350568287179998556178344967762208172 0.137893041930193089251614874558890124421324566920087504188036
306 -0.7992892873097188186800799164579936377448525121922782588965 -0.484260239335857626023959173692315691948806888839422983615884 0.176457227048861237167680026719433246933003390139909368629237
307 0.14762074899542169467382837528371554553662664463069067635926 -0.845947688916024405070941114865737695231729867317424156663472 -0.408765359676112497139246323848853933065552788205058393578936
308 -0.408765359676112497139246323848853933065552788205058393578936 -0.14762074899542169467382837528371554553662664463069067635926 0.845947688916024405070941114865737695231729867317424156663472
309 -0.14762074899542169467382837528371554553662664463069067635926 -0.845947688916024405070941114865737695231729867317424156663472 -0.408765359676112497139246323848853933065552788205058393578936
310 -0.708054646985831315819326240306847570810405300397336652475436 -0.631880988331279320697787548976031237485433533470113659975144 -0.0623981622704479603669020247154283655380704662857229141510876
311 -0.884511874034692552987006267026280817743408690537246021104673 -0.346367197405664536772344299133425567527482321919335479427848 0.0466584016063055863908611984077440574868773551251458977669714
312 -0.0466584016063055863908611984077440574868773551251458977669714 -0.884511874034692552987006267026280817743408690537246021104673 -0.346367197405664536772344299133425567527482321919335479427848
313 -0.346367197405664536772344299133425567527482321919335479427848 0.0466584016063055863908611984077440574868773551251458977669714 0.884511874034692552987006267026280817743408690537246021104673
314 0.0466584016063055863908611984077440574868773551251458977669714 -0.884511874034692552987006267026280817743408690537246021104673 -0.346367197405664536772344299133425567527482321919335479427848
315 0.137893041930193089251614874558890124421324566920087504188036 0.736891125039270858313177891742565272206782045906555344745413 0.585222586724973734306926350568287179998556178344967762208172
316 -0.0623981622704479603669020247154283655380704662857229141510877 0.708054646985831315819326240306847570810405300397336652475436 0.631880988331279320697787548976031237485433533470113659975144
317 0.408765359676112497139246323848853933065552788205058393578936 -0.14762074899542169467382837528371554553662664463069067635926 0.845947688916024405070941114865737695231729867317424156663472
318 0.845947688916024405070941114865737695231729867317424156663472 -0.408765359676112497139246323848853933065552788205058393578936 0.14762074899542169467382837528371554553662664463069067635926
319 -0.0623981622704479603669020247154283655380704662857229141510876 -0.708054646985831315819326240306847570810405300397336652475436 0.631880988331279320697787548976031237485433533470113659975144
320 0.176457227048861237167680026719433246933003390139909368629237 0.7992892873097188186800799164579936377448525121922782588965 -0.484260239335857626023959173692315691948806888839422983615884
321 0.845947688916024405070941114865737695231729867317424156663472 0.408765359676112497139246323848853933065552788205058393578936 0.14762074899542169467382837528371554553662664463069067635926
322 0.585222586724973734306926350568287179998556178344967762208172 -0.137893041930193089251614874558890124421324566920087504188036 -0.736891125039270858313177891742565272206782045906555344745413
323 0.708054646985831315819326240306847570810405300397336652475436 -0.631880988331279320697787548976031237485433533470113659975144 0.0623981622704479603669020247154283655380704662857229141510876
324 -0.137893041930193089251614874558890124421324566920087504188036 0.736891125039270858313177891742565272206782045906555344745413 0.585222586724973734306926350568287179998556178344967762208172
325 0.14762074899542169467382837528371554553662664463069067635926 -0.845947688916024405070941114865737695231729867317424156663472 0.408765359676112497139246323848853933065552788205058393578936
326 -0.176457227048861237167680026719433246933003390139909368629237 -0.7992892873097188186800799164579936377448525121922782588965 -0.484260239335857626023959173692315691948806888839422983615884
327 -0.0623981622704479603669020247154283655380704662857229141510876 -0.708054646985831315819326240306847570810405300397336652475436 -0.631880988331279320697787548976031237485433533470113659975144
328 0.346367197405664536772344299133425567527482321919335479427848 -0.0466584016063055863908611984077440574868773551251458977669714 0.884511874034692552987006267026280817743408690537246021104673
329 -0.0466584016063055863908611984077440574868773551251458977669714 -0.884511874034692552987006267026280817743408690537246021104673 0.346367197405664536772344299133425567527482321919335479427848
330 -0.176457227048861237167680026719433246933003390139909368629237 0.7992892873097188186800799164579936377448525121922782588965 -0.484260239335857626023959173692315691948806888839422983615884
331 -0.14762074899542169467382837528371554553662664463069067635926 -0.845947688916024405070941114865737695231729867317424156663472 0.408765359676112497139246323848853933065552788205058393578935
332 -0.631880988331279320697787548976031237485433533470113659975144 -0.0623981622704479603669020247154283655380704662857229141510876 0.708054646985831315819326240306847570810405300397336652475436
333 0.708054646985831315819326240306847570810405300397336652475436 0.631880988331279320697787548976031237485433533470113659975144 0.0623981622704479603669020247154283655380704662857229141510876
334 0.0623981622704479603669020247154283655380704662857229141510876 0.708054646985831315819326240306847570810405300397336652475436 0.631880988331279320697787548976031237485433533470113659975144
335 -0.346367197405664536772344299133425567527482321919335479427848 -0.0466584016063055863908611984077440574868773551251458977669714 0.884511874034692552987006267026280817743408690537246021104673
336 -0.884511874034692552987006267026280817743408690537246021104673 -0.346367197405664536772344299133425567527482321919335479427848 -0.0466584016063055863908611984077440574868773551251458977669714
337 -0.736891125039270858313177891742565272206782045906555344745413 -0.585222586724973734306926350568287179998556178344967762208172 -0.137893041930193089251614874558890124421324566920087504188036
338 0.137893041930193089251614874558890124421324566920087504188036 -0.736891125039270858313177891742565272206782045906555344745413 -0.585222586724973734306926350568287179998556178344967762208172
339 -0.845947688916024405070941114865737695231729867317424156663472 0.408765359676112497139246323848853933065552788205058393578935 -0.14762074899542169467382837528371554553662664463069067635926
340 -0.137893041930193089251614874558890124421324566920087504188036 -0.736891125039270858313177891742565272206782045906555344745413 -0.585222586724973734306926350568287179998556178344967762208172
341 -0.14762074899542169467382837528371554553662664463069067635926 0.845947688916024405070941114865737695231729867317424156663472 0.408765359676112497139246323848853933065552788205058393578935
342 0.346367197405664536772344299133425567527482321919335479427848 -0.0466584016063055863908611984077440574868773551251458977669714 -0.884511874034692552987006267026280817743408690537246021104673
343 -0.736891125039270858313177891742565272206782045906555344745413 0.585222586724973734306926350568287179998556178344967762208172 0.137893041930193089251614874558890124421324566920087504188036
344 -0.631880988331279320697787548976031237485433533470113659975144 0.0623981622704479603669020247154283655380704662857229141510876 -0.708054646985831315819326240306847570810405300397336652475436
345 -0.845947688916024405070941114865737695231729867317424156663472 -0.408765359676112497139246323848853933065552788205058393578936 -0.14762074899542169467382837528371554553662664463069067635926
346 0.0623981622704479603669020247154283655380704662857229141510876 -0.708054646985831315819326240306847570810405300397336652475436 -0.631880988331279320697787548976031237485433533470113659975144
347 -0.408765359676112497139246323848853933065552788205058393578935 0.14762074899542169467382837528371554553662664463069067635926 -0.845947688916024405070941114865737695231729867317424156663472
348 -0.346367197405664536772344299133425567527482321919335479427848 0.0466584016063055863908611984077440574868773551251458977669714 -0.884511874034692552987006267026280817743408690537246021104673
349 0.176457227048861237167680026719433246933003390139909368629237 -0.7992892873097188186800799164579936377448525121922782588965 -0.484260239335857626023959173692315691948806888839422983615884
350 0.631880988331279320697787548976031237485433533470113659975144 0.0623981622704479603669020247154283655380704662857229141510876 -0.708054646985831315819326240306847570810405300397336652475436
351 0.14762074899542169467382837528371554553662664463069067635926 0.845947688916024405070941114865737695231729867317424156663472 -0.408765359676112497139246323848853933065552788205058393578936
352 -0.408765359676112497139246323848853933065552788205058393578936 -0.14762074899542169467382837528371554553662664463069067635926 -0.845947688916024405070941114865737695231729867317424156663472
353 -0.0466584016063055863908611984077440574868773551251458977669714 0.884511874034692552987006267026280817743408690537246021104673 -0.346367197405664536772344299133425567527482321919335479427848
354 0.0623981622704479603669020247154283655380704662857229141510876 -0.708054646985831315819326240306847570810405300397336652475436 0.631880988331279320697787548976031237485433533470113659975144
355 0.631880988331279320697787548976031237485433533470113659975144 -0.0623981622704479603669020247154283655380704662857229141510876 -0.708054646985831315819326240306847570810405300397336652475436
356 0.137893041930193089251614874558890124421324566920087504188036 -0.736891125039270858313177891742565272206782045906555344745413 0.585222586724973734306926350568287179998556178344967762208172
357 -0.845947688916024405070941114865737695231729867317424156663472 0.408765359676112497139246323848853933065552788205058393578936 0.14762074899542169467382837528371554553662664463069067635926
358 -0.708054646985831315819326240306847570810405300397336652475436 0.631880988331279320697787548976031237485433533470113659975144 0.0623981622704479603669020247154283655380704662857229141510876
359 -0.845947688916024405070941114865737695231729867317424156663472 -0.408765359676112497139246323848853933065552788205058393578936 0.14762074899542169467382837528371554553662664463069067635926
360 0.14762074899542169467382837528371554553662664463069067635926 0.845947688916024405070941114865737695231729867317424156663472 0.408765359676112497139246323848853933065552788205058393578936
361 -0.585222586724973734306926350568287179998556178344967762208172 0.137893041930193089251614874558890124421324566920087504188036 -0.736891125039270858313177891742565272206782045906555344745413
362 0.585222586724973734306926350568287179998556178344967762208172 0.137893041930193089251614874558890124421324566920087504188036 -0.736891125039270858313177891742565272206782045906555344745413
363 0.0623981622704479603669020247154283655380704662857229141510876 0.708054646985831315819326240306847570810405300397336652475436 -0.631880988331279320697787548976031237485433533470113659975144
364 0.884511874034692552987006267026280817743408690537246021104673 0.346367197405664536772344299133425567527482321919335479427848 -0.0466584016063055863908611984077440574868773551251458977669714
365 0.408765359676112497139246323848853933065552788205058393578936 0.14762074899542169467382837528371554553662664463069067635926 -0.845947688916024405070941114865737695231729867317424156663472
366 0.884511874034692552987006267026280817743408690537246021104673 -0.346367197405664536772344299133425567527482321919335479427848 -0.0466584016063055863908611984077440574868773551251458977669714
367 0.408765359676112497139246323848853933065552788205058393578936 -0.14762074899542169467382837528371554553662664463069067635926 -0.845947688916024405070941114865737695231729867317424156663472
368 -0.631880988331279320697787548976031237485433533470113659975144 -0.0623981622704479603669020247154283655380704662857229141510876 -0.708054646985831315819326240306847570810405300397336652475436
369 -0.884511874034692552987006267026280817743408690537246021104673 0.346367197405664536772344299133425567527482321919335479427848 -0.0466584016063055863908611984077440574868773551251458977669714
370 -0.708054646985831315819326240306847570810405300397336652475436 -0.631880988331279320697787548976031237485433533470113659975144 0.0623981622704479603669020247154283655380704662857229141510876
371 -0.585222586724973734306926350568287179998556178344967762208172 -0.137893041930193089251614874558890124421324566920087504188036 -0.736891125039270858313177891742565272206782045906555344745413
