# G372: 1710 unit-distance edges
0 2
0 3
0 7
0 9
0 11
0 15
0 16
0 33
0 69
0 86
0 91
0 92
0 128
0 129
0 131
0 141
0 155
0 156
0 165
0 167
0 173
0 183
0 201
0 213
0 244
0 278
0 282
0 283
0 289
0 290
0 322
0 334
0 353
0 363
0 365
1 4
1 5
1 6
1 8
1 10
1 18
1 19
1 24
1 46
1 80
1 110
1 111
1 120
1 122
1 126
1 161
1 185
1 186
1 190
1 191
1 216
1 217
1 225
1 239
1 250
1 266
1 267
1 271
1 299
1 308
1 314
1 319
1 327
1 352
1 361
2 5
2 7
2 8
2 9
2 25
2 26
2 28
2 29
2 30
2 70
2 89
2 97
2 112
2 127
2 132
2 139
2 162
2 176
2 195
2 196
2 204
2 214
2 221
2 240
2 284
2 286
2 291
2 293
2 320
2 321
2 328
2 330
2 335
2 357
3 4
3 6
3 7
3 11
3 12
3 27
3 32
3 44
3 71
3 90
3 96
3 101
3 104
3 121
3 138
3 145
3 149
3 158
3 163
3 175
3 177
3 198
3 203
3 246
3 261
3 264
3 287
3 312
3 317
3 329
3 346
3 354
3 362
3 367
4 6
4 10
4 11
4 20
4 23
4 34
4 35
4 37
4 49
4 93
4 103
4 113
4 118
4 187
4 189
4 192
4 194
4 206
4 207
4 218
4 220
4 226
4 229
4 253
4 256
4 294
4 295
4 297
4 305
4 345
4 348
4 355
4 368
5 8
5 9
5 10
5 13
5 22
5 36
5 50
5 67
5 82
5 85
5 109
5 115
5 124
5 151
5 153
5 171
5 179
5 181
5 219
5 223
5 237
5 238
5 249
5 255
5 274
5 277
5 281
5 296
5 302
5 306
5 316
5 347
5 371
6 7
6 8
6 17
6 42
6 45
6 51
6 53
6 56
6 58
6 61
6 107
6 125
6 133
6 136
6 146
6 159
6 199
6 205
6 209
6 211
6 234
6 236
6 262
6 265
6 288
6 313
6 318
6 326
6 332
6 337
6 349
6 359
7 8
7 41
7 52
7 54
7 59
7 62
7 87
7 99
7 100
7 102
7 105
7 134
7 142
7 143
7 144
7 166
7 168
7 169
7 170
7 197
7 208
7 260
7 279
7 280
7 323
7 324
7 325
7 333
7 360
7 364
7 366
8 21
8 43
8 55
8 60
8 63
8 64
8 98
8 106
8 108
8 123
8 135
8 140
8 147
8 157
8 160
8 164
8 188
8 193
8 212
8 215
8 254
8 263
8 315
8 331
8 336
8 341
8 356
8 358
8 369
8 370
9 10
9 11
9 14
9 40
9 57
9 65
9 68
9 72
9 74
9 77
9 83
9 130
9 152
9 154
9 172
9 180
9 182
9 200
9 210
9 231
9 233
9 243
9 252
9 259
9 275
9 303
9 304
9 339
9 342
9 343
9 344
9 350
10 11
10 38
10 47
10 73
10 75
10 78
10 81
10 94
10 95
10 114
10 116
10 150
10 178
10 184
10 224
10 227
10 228
10 232
10 241
10 248
10 251
10 257
10 268
10 272
10 273
10 300
10 301
10 309
10 310
10 311
10 338
11 31
11 39
11 48
11 66
11 76
11 79
11 84
11 88
11 117
11 119
11 137
11 148
11 174
11 202
11 222
11 230
11 235
11 242
11 245
11 247
11 258
11 269
11 270
11 276
11 285
11 292
11 298
11 307
11 340
11 351
12 32
12 36
12 44
12 50
12 83
12 127
12 132
12 252
13 22
13 27
13 67
13 71
13 107
13 118
13 133
13 253
14 53
14 56
14 68
14 83
14 99
14 123
14 134
14 254
15 19
15 33
15 46
15 91
15 123
15 124
15 135
15 255
16 18
16 24
16 69
16 92
16 93
16 125
16 136
16 256
17 45
17 57
17 74
17 107
17 114
17 119
17 137
17 257
18 24
18 69
18 110
18 119
18 121
18 138
18 258
19 33
19 46
19 111
19 112
19 130
19 139
19 259
20 49
20 55
20 87
20 89
20 97
20 118
20 140
20 260
21 44
21 48
21 55
21 84
21 91
21 123
21 141
21 261
22 27
22 41
22 51
22 101
22 124
22 142
22 262
23 25
23 26
23 37
23 93
23 105
23 106
23 143
23 263
24 87
24 92
24 96
24 120
24 144
24 264
25 26
25 42
25 44
25 93
25 127
25 145
25 265
26 37
26 51
26 70
26 120
26 146
26 266
27 71
27 101
27 106
27 126
27 147
27 267
28 29
28 34
28 35
28 94
28 112
28 117
28 148
28 268
29 35
29 49
29 84
29 89
29 90
29 149
29 269
30 70
30 76
30 81
30 103
30 113
30 127
30 150
30 270
31 60
31 67
31 76
31 108
31 110
31 119
31 151
31 271
32 36
32 38
32 72
32 115
32 121
32 152
32 272
33 81
33 82
33 111
33 128
33 153
33 273
34 35
34 65
34 67
34 112
34 118
34 154
34 274
35 49
35 72
35 128
35 155
35 275
36 50
36 115
36 117
36 131
36 156
36 276
37 70
37 103
37 108
37 109
37 157
37 277
38 81
38 100
38 102
38 114
38 128
38 158
38 278
39 43
39 45
39 54
39 88
39 106
39 119
39 159
39 279
40 42
40 51
40 62
40 63
40 77
40 130
40 160
40 280
41 87
41 95
41 99
41 116
41 120
41 161
41 281
42 45
42 51
42 77
42 91
42 162
42 282
43 63
43 88
43 92
43 101
43 106
43 163
43 283
44 50
44 85
44 96
44 164
44 284
45 57
45 77
45 86
45 165
45 285
46 59
46 91
46 97
46 126
46 166
46 286
47 52
47 54
47 69
47 78
47 94
47 104
47 167
47 287
48 55
48 79
48 84
48 100
48 125
48 168
48 288
49 54
49 86
49 89
49 169
49 289
50 62
50 85
50 129
50 170
50 290
51 107
51 130
51 171
51 291
52 54
52 83
52 88
52 94
52 99
52 172
52 292
53 56
53 83
53 89
53 92
53 125
53 173
53 293
54 78
54 87
54 174
54 294
55 79
55 96
55 98
55 175
55 295
56 61
56 68
56 85
56 97
56 176
56 296
57 74
57 77
57 104
57 113
57 177
57 297
58 61
58 65
58 72
58 78
58 79
58 125
58 178
58 298
59 62
59 73
59 75
59 85
59 105
59 179
59 299
60 63
60 76
60 95
60 108
60 130
60 180
60 300
61 65
61 68
61 109
61 116
61 181
61 301
62 75
62 81
62 102
62 182
62 302
63 76
63 88
63 129
63 183
63 303
64 66
64 68
64 75
64 98
64 117
64 123
64 184
64 304
65 68
65 72
65 110
65 185
65 305
66 79
66 98
66 111
66 115
66 117
66 186
66 306
67 71
67 82
67 104
67 187
67 307
68 80
68 188
68 308
69 110
69 113
69 131
69 189
69 309
70 75
70 80
70 103
70 190
70 310
71 78
71 104
71 122
71 191
71 311
72 83
72 125
72 192
72 312
73 75
73 98
73 105
73 107
73 114
73 193
73 313
74 103
74 107
74 111
74 130
74 194
74 314
75 81
75 195
75 315
76 82
76 88
76 196
76 316
77 90
77 102
77 197
77 317
78 87
78 116
78 198
78 318
79 98
79 122
79 199
79 319
80 110
80 120
80 129
80 131
80 200
80 320
81 102
81 201
81 321
82 90
82 104
82 124
82 202
82 322
83 125
83 203
83 323
84 102
84 117
84 123
84 204
84 324
85 96
85 109
85 205
85 325
86 91
86 122
86 126
86 128
86 206
86 326
87 116
87 207
87 327
88 127
88 208
88 328
89 97
89 101
89 209
89 329
90 101
90 104
90 124
90 210
90 330
91 126
91 211
91 331
92 120
92 129
92 212
92 332
93 100
93 113
93 127
93 213
93 333
94 95
94 99
94 131
94 214
94 334
95 99
95 112
95 116
95 215
95 335
96 109
96 121
96 216
96 336
97 112
97 118
97 217
97 337
98 118
98 218
98 338
99 124
99 219
99 339
100 102
100 105
100 114
100 220
100 340
101 124
101 221
101 341
102 222
102 342
103 113
103 115
103 223
103 343
104 224
104 344
105 114
105 126
105 225
105 345
106 108
106 119
106 226
106 346
107 130
107 227
107 347
108 116
108 119
108 228
108 348
109 115
109 121
109 229
109 349
110 131
110 230
110 350
111 122
111 128
111 231
111 351
112 118
112 232
112 352
113 127
113 233
113 353
114 121
114 234
114 354
115 121
115 235
115 355
116 236
116 356
117 123
117 237
117 357
118 238
118 358
119 239
119 359
120 129
120 240
120 360
121 241
121 361
122 126
122 128
122 242
122 362
123 243
123 363
124 244
124 364
125 245
125 365
126 246
126 366
127 247
127 367
128 248
128 368
129 131
129 249
129 369
130 250
130 370
131 251
131 371
132 162
132 189
132 196
132 220
132 252
132 329
133 146
133 180
133 231
133 234
133 253
133 296
134 142
134 208
134 232
134 251
134 254
134 342
135 148
135 164
135 188
135 222
135 255
135 283
136 152
136 172
136 199
136 209
136 256
136 282
137 147
137 157
137 174
137 230
137 257
137 288
138 158
138 175
138 181
138 223
138 258
138 267
139 176
139 187
139 214
139 218
139 259
139 266
140 164
140 193
140 242
140 245
140 260
140 348
141 165
141 217
141 225
141 244
141 261
141 369
142 144
142 228
142 232
142 262
142 302
143 166
143 168
143 227
143 241
143 263
143 294
144 169
144 178
144 228
144 264
144 299
145 175
145 179
145 203
145 249
145 265
145 330
146 180
146 182
146 211
146 266
146 293
147 157
147 174
147 212
147 261
147 267
148 188
148 222
148 235
148 268
148 328
149 153
149 163
149 177
149 219
149 269
149 284
150 170
150 184
150 197
150 248
150 270
150 335
151 153
151 177
151 198
151 238
151 271
151 276
152 154
152 172
152 199
152 272
152 317
153 177
153 219
153 273
153 290
154 199
154 200
154 236
154 274
154 297
155 165
155 186
155 191
155 201
155 256
155 275
156 167
156 183
156 185
156 190
156 255
156 276
157 215
157 230
157 277
157 295
158 203
158 223
158 237
158 278
158 311
159 210
159 211
159 233
159 234
159 279
159 298
160 202
160 212
160 215
160 247
160 280
160 304
161 173
161 183
161 190
161 216
161 281
161 366
162 220
162 226
162 240
162 282
162 337
163 171
163 219
163 246
163 283
163 336
164 222
164 245
164 284
164 346
165 191
165 225
165 285
165 332
166 170
166 184
166 227
166 286
166 327
167 185
167 213
167 239
167 273
167 287
168 197
168 241
168 248
168 288
168 292
169 178
169 208
169 224
169 289
169 345
170 184
170 197
170 281
170 290
171 219
171 238
171 246
171 291
171 349
172 209
172 243
172 280
172 292
173 183
173 213
173 216
173 293
173 326
174 212
174 247
174 294
174 324
175 179
175 181
175 295
175 341
176 207
176 218
176 221
176 265
176 296
177 198
177 252
177 297
178 224
178 228
178 298
178 313
179 181
179 249
179 299
179 364
180 182
180 231
180 254
180 300
181 223
181 262
181 301
182 210
182 211
182 302
182 323
183 190
183 303
183 331
184 227
184 304
184 356
185 190
185 239
185 259
185 305
186 191
186 201
186 250
186 258
186 306
187 192
187 214
187 218
187 277
187 307
188 193
188 235
188 303
188 308
189 194
189 196
189 220
189 289
189 309
190 286
190 310
191 225
191 264
191 311
192 204
192 206
192 214
192 312
192 343
193 235
193 242
193 300
193 313
194 195
194 196
194 229
194 275
194 314
195 196
195 229
195 240
195 268
195 315
196 269
196 316
197 248
197 317
197 339
198 238
198 246
198 272
198 318
199 236
199 285
199 319
200 205
200 236
200 243
200 314
200 320
201 244
201 250
201 309
201 321
202 215
202 230
202 247
202 306
202 322
203 237
203 249
203 323
203 344
204 206
204 214
204 221
204 270
204 324
205 209
205 236
205 243
205 325
205 347
206 207
206 221
206 326
206 353
207 218
207 221
207 327
207 333
208 224
208 251
208 328
208 340
209 243
209 291
209 329
210 211
210 233
210 312
210 330
211 331
211 365
212 247
212 332
212 363
213 216
213 239
213 333
213 368
214 310
214 334
215 230
215 335
215 338
216 239
216 336
216 362
217 225
217 244
217 250
217 320
217 337
218 263
218 338
219 325
219 339
220 226
220 260
220 340
221 341
221 367
222 245
222 279
222 342
223 237
223 253
223 343
224 251
224 344
224 354
225 345
225 360
226 229
226 240
226 346
226 358
227 241
227 318
227 347
228 232
228 315
228 348
229 240
229 274
229 349
230 319
230 350
231 233
231 234
231 308
231 351
232 251
232 321
232 352
233 234
233 305
233 353
234 301
234 354
235 242
235 316
235 355
236 257
236 356
237 249
237 307
237 357
238 246
238 355
238 358
239 351
239 359
240 352
240 360
241 248
241 287
241 361
242 245
242 271
242 362
243 363
243 370
244 250
244 364
244 371
245 359
245 365
246 361
246 366
247 357
247 367
248 334
248 368
249 322
249 369
250 350
250 370
251 278
251 371
252 275
252 288
252 332
252 339
253 286
253 295
253 305
253 335
254 269
254 276
254 315
254 331
255 281
255 316
255 317
255 329
256 284
256 297
256 328
256 345
257 272
257 333
257 338
257 366
258 263
258 285
258 307
258 356
259 262
259 303
259 313
259 343
260 279
260 301
260 311
260 360
261 264
261 296
261 302
261 367
262 265
262 303
262 313
263 285
263 341
263 356
264 277
264 296
264 354
265 303
265 326
265 342
266 283
266 290
266 308
266 327
267 282
267 289
267 299
267 319
268 300
268 309
268 323
268 364
269 276
269 331
269 340
270 292
270 307
270 369
270 370
271 308
271 334
271 353
271 361
272 273
272 324
272 333
273 280
273 310
273 324
274 287
274 316
274 347
274 362
275 288
275 318
275 350
276 315
276 351
277 296
277 306
277 354
278 289
278 314
278 319
278 322
279 309
279 311
279 323
280 310
280 324
280 325
281 329
281 346
281 347
282 289
282 299
282 363
283 290
283 327
283 365
284 291
284 328
284 345
285 292
285 341
286 293
286 295
286 335
287 316
287 317
287 362
288 318
288 332
289 319
290 308
290 334
291 320
291 345
291 348
292 341
292 369
293 294
293 295
293 330
294 295
294 330
294 368
296 302
297 321
297 328
297 355
298 336
298 340
298 351
298 358
299 352
299 363
300 301
300 360
300 364
301 311
301 360
302 367
302 371
303 342
304 337
304 339
304 349
304 350
305 335
305 357
305 368
306 312
306 354
306 371
307 356
307 370
308 334
309 311
309 323
310 325
310 338
312 354
312 367
312 371
313 343
313 359
314 319
314 322
314 352
315 351
315 358
316 317
317 329
318 349
318 350
320 321
320 348
320 355
321 328
321 355
322 352
322 363
323 364
324 333
325 338
325 366
326 342
326 344
326 359
327 361
327 365
329 346
330 357
330 368
331 336
331 340
332 337
332 339
333 366
334 353
335 357
336 340
336 358
337 339
337 349
338 366
341 369
342 344
343 344
343 359
344 359
345 348
346 347
346 362
347 362
348 355
349 350
351 358
352 363
353 361
353 365
356 370
357 368
360 364
361 365
367 371
369 370
