# G972: 4110 unit-distance edges
0 124
0 158
0 480
0 831
0 914
1 127
1 213
1 481
1 772
1 910
2 136
2 214
2 482
2 837
2 858
3 137
3 215
3 483
3 770
3 939
4 120
4 168
4 484
4 814
4 919
5 131
5 147
5 485
5 759
5 848
6 145
6 146
6 486
6 832
6 921
7 121
7 226
7 487
7 816
7 954
8 170
8 216
8 488
8 836
8 845
9 132
9 171
9 489
9 826
9 869
10 172
10 220
10 490
10 755
10 896
11 125
11 231
11 491
11 798
11 890
12 173
12 223
12 492
12 736
12 944
13 154
13 174
13 493
13 777
13 926
14 153
14 175
14 494
14 767
14 925
15 165
15 238
15 495
15 738
15 947
16 122
16 175
16 496
16 732
16 868
17 123
17 174
17 497
17 820
17 958
18 148
18 161
18 498
18 735
18 842
19 156
19 192
19 499
19 763
19 866
20 157
20 193
20 500
20 782
20 867
21 139
21 187
21 501
21 788
21 940
22 188
22 190
22 502
22 779
22 937
23 189
23 191
23 503
23 835
23 936
24 156
24 183
24 504
24 791
24 928
25 126
25 225
25 505
25 797
25 957
26 177
26 198
26 506
26 800
26 859
27 167
27 197
27 507
27 799
27 860
28 138
28 172
28 508
28 792
28 856
29 123
29 151
29 509
29 768
29 849
30 121
30 230
30 510
30 825
30 915
31 149
31 159
31 511
31 813
31 891
32 201
32 231
32 512
32 802
32 901
33 159
33 195
33 513
33 808
33 943
34 194
34 232
34 514
34 809
34 942
35 186
35 216
35 515
35 730
35 909
36 139
36 237
36 516
36 760
36 897
37 140
37 170
37 517
37 778
37 887
38 196
38 210
38 518
38 771
38 911
39 153
39 239
39 519
39 725
39 889
40 142
40 212
40 520
40 756
40 913
41 205
41 221
41 521
41 834
41 882
42 206
42 211
42 522
42 807
42 881
43 203
43 207
43 523
43 739
43 948
44 165
44 218
44 524
44 821
44 917
45 135
45 203
45 525
45 786
45 935
46 204
46 233
46 526
46 785
46 934
47 147
47 173
47 527
47 734
47 877
48 222
48 235
48 528
48 749
48 952
49 179
49 223
49 529
49 776
49 879
50 128
50 218
50 530
50 723
50 851
51 129
51 135
51 531
51 758
51 871
52 130
52 233
52 532
52 721
52 904
53 132
53 212
53 533
53 801
53 959
54 133
54 221
54 534
54 795
54 955
55 134
55 211
55 535
55 794
55 899
56 122
56 184
56 536
56 769
56 850
57 146
57 236
57 537
57 733
57 876
58 143
58 180
58 538
58 757
58 912
59 205
59 230
59 539
59 742
59 895
60 177
60 178
60 540
60 804
60 906
61 128
61 225
61 541
61 827
61 872
62 204
62 234
62 542
62 740
62 949
63 144
63 166
63 543
63 811
63 918
64 176
64 232
64 544
64 796
64 892
65 127
65 193
65 545
65 766
65 932
66 192
66 210
66 546
66 765
66 900
67 141
67 184
67 547
67 805
67 956
68 142
68 145
68 548
68 741
68 946
69 131
69 143
69 549
69 824
69 875
70 160
70 234
70 550
70 818
70 841
71 178
71 207
71 551
71 744
71 878
72 141
72 186
72 552
72 748
72 898
73 185
73 224
73 553
73 838
73 880
74 133
74 199
74 554
74 775
74 840
75 134
75 200
75 555
75 774
75 870
76 120
76 228
76 556
76 784
76 923
77 125
77 209
77 557
77 745
77 884
78 126
78 208
78 558
78 731
78 903
79 163
79 194
79 559
79 747
79 844
80 182
80 195
80 560
80 746
80 950
81 217
81 237
81 561
81 773
81 846
82 208
82 214
82 562
82 752
82 953
83 163
83 164
83 563
83 812
83 916
84 182
84 183
84 564
84 780
84 933
85 138
85 179
85 565
85 787
85 854
86 219
86 235
86 566
86 839
86 853
87 191
87 199
87 567
87 762
87 930
88 198
88 229
88 568
88 753
88 864
89 197
89 228
89 569
89 754
89 938
90 155
90 158
90 570
90 817
90 927
91 136
91 162
91 571
91 783
91 941
92 160
92 167
92 572
92 803
92 905
93 150
93 229
93 573
93 751
93 924
94 176
94 202
94 574
94 724
94 886
95 149
95 227
95 575
95 830
95 885
96 155
96 181
96 576
96 727
96 863
97 152
97 226
97 577
97 810
97 862
98 157
98 164
98 578
98 790
98 929
99 162
99 238
99 579
99 833
99 843
100 222
100 236
100 580
100 737
100 861
101 137
101 161
101 581
101 764
101 931
102 130
102 168
102 582
102 829
102 874
103 129
103 169
103 583
103 828
103 873
104 140
104 239
104 584
104 789
104 852
105 181
105 188
105 585
105 750
105 951
106 185
106 217
106 586
106 729
106 908
107 209
107 215
107 587
107 781
107 855
108 196
108 227
108 588
108 823
108 883
109 202
109 213
109 589
109 822
109 902
110 150
110 169
110 590
110 815
110 920
111 152
111 189
111 591
111 720
111 945
112 154
112 187
112 592
112 726
112 888
113 148
113 166
113 593
113 819
113 922
114 190
114 200
114 594
114 761
114 847
115 124
115 206
115 595
115 743
115 894
116 180
116 220
116 596
116 728
116 907
117 144
117 201
117 597
117 722
117 865
118 171
118 219
118 598
118 793
118 857
119 151
119 224
119 599
119 806
119 893
120 600
120 740
120 949
121 601
121 762
121 930
122 602
122 778
122 887
123 603
123 760
123 897
124 604
124 779
124 937
125 605
125 819
125 922
126 606
126 738
126 947
127 607
127 809
127 942
128 608
128 783
128 941
129 609
129 804
129 906
130 610
130 803
130 905
131 611
131 787
131 854
132 612
132 733
132 876
133 613
133 816
133 954
134 614
134 817
134 927
135 615
135 800
135 859
136 616
136 827
136 872
137 617
137 802
137 901
138 618
138 824
138 875
139 619
139 806
139 893
140 620
140 805
140 956
141 621
141 725
141 889
142 622
142 749
142 952
143 623
143 776
143 879
144 624
144 770
144 939
145 625
145 839
145 853
146 626
146 793
146 857
147 627
147 792
147 856
148 628
148 745
148 884
149 629
149 791
149 928
150 630
150 739
150 948
151 631
151 788
151 940
152 632
152 795
152 955
153 633
153 730
153 909
154 634
154 729
154 908
155 635
155 774
155 870
156 636
156 830
156 885
157 637
157 724
157 886
158 638
158 761
158 847
159 639
159 763
159 866
160 640
160 814
160 919
161 641
161 798
161 890
162 642
162 797
162 957
163 643
163 772
163 910
164 644
164 822
164 902
165 645
165 752
165 953
166 646
166 781
166 855
167 647
167 829
167 874
168 648
168 818
168 841
169 649
169 744
169 878
170 650
170 769
170 850
171 651
171 832
171 921
172 652
172 759
172 848
173 653
173 755
173 896
174 654
174 773
174 846
175 655
175 836
175 845
176 656
176 790
176 929
177 657
177 828
177 873
178 658
178 815
178 920
179 659
179 757
179 912
180 660
180 736
180 944
181 661
181 794
181 899
182 662
182 771
182 911
183 663
183 823
183 883
184 664
184 789
184 852
185 665
185 777
185 926
186 666
186 767
186 925
187 667
187 838
187 880
188 668
188 807
188 881
189 669
189 834
189 882
190 670
190 743
190 894
191 671
191 742
191 895
192 672
192 813
192 891
193 673
193 796
193 892
194 674
194 766
194 932
195 675
195 765
195 900
196 676
196 746
196 950
197 677
197 721
197 904
198 678
198 758
198 871
199 679
199 825
199 915
200 680
200 831
200 914
201 681
201 764
201 931
202 682
202 812
202 916
203 683
203 753
203 864
204 684
204 754
204 938
205 685
205 720
205 945
206 686
206 750
206 951
207 687
207 751
207 924
208 688
208 821
208 917
209 689
209 811
209 918
210 690
210 808
210 943
211 691
211 727
211 863
212 692
212 737
212 861
213 693
213 747
213 844
214 694
214 723
214 851
215 695
215 722
215 865
216 696
216 732
216 868
217 697
217 820
217 958
218 698
218 837
218 858
219 699
219 741
219 946
220 700
220 734
220 877
221 701
221 810
221 862
222 702
222 801
222 959
223 703
223 728
223 907
224 704
224 726
224 888
225 705
225 833
225 843
226 706
226 775
226 840
227 707
227 780
227 933
228 708
228 785
228 934
229 709
229 786
229 935
230 710
230 835
230 936
231 711
231 735
231 842
232 712
232 782
232 867
233 713
233 799
233 860
234 714
234 784
234 923
235 715
235 756
235 913
236 716
236 826
236 869
237 717
237 768
237 849
238 718
238 731
238 903
239 719
239 748
239 898
240 267
240 289
240 301
240 328
240 474
240 607
240 766
240 963
241 281
241 296
241 306
241 347
241 439
241 604
241 743
241 965
242 246
242 312
242 332
242 348
242 410
242 611
242 824
242 968
243 245
243 300
243 313
243 349
243 477
243 625
243 741
243 966
244 295
244 321
244 344
244 353
244 430
244 601
244 825
244 960
245 343
245 349
245 352
245 388
245 616
245 783
245 966
246 279
246 342
246 348
246 478
246 617
246 764
246 968
247 309
247 338
247 339
247 340
247 434
247 600
247 784
247 961
248 261
248 294
248 318
248 350
248 376
248 628
248 819
248 964
249 262
249 275
249 304
249 333
249 417
249 636
249 791
249 971
250 263
250 271
250 316
250 346
250 407
250 637
250 790
250 970
251 264
251 315
251 326
251 356
251 378
251 602
251 769
251 964
252 258
252 264
252 326
252 330
252 476
252 667
252 726
252 962
253 259
253 263
253 287
253 302
253 466
253 668
253 750
253 970
254 260
254 262
254 283
254 297
254 395
254 669
254 720
254 971
255 256
255 261
255 337
255 350
255 438
255 663
255 780
255 962
256 311
256 337
256 359
256 368
256 605
256 745
256 962
257 307
257 310
257 336
257 353
257 441
257 606
257 731
257 960
258 308
258 330
258 335
258 371
258 650
258 778
258 962
259 287
259 299
259 316
259 391
259 651
259 793
259 970
260 297
260 333
260 355
260 424
260 652
260 792
260 971
261 337
261 350
261 479
261 653
261 734
261 964
262 283
262 304
262 475
262 654
262 820
262 971
263 271
263 302
263 419
263 655
263 732
263 970
264 326
264 330
264 455
264 645
264 821
264 964
265 293
265 314
265 325
265 338
265 459
265 603
265 768
265 961
266 270
266 280
266 329
266 341
266 411
266 631
266 806
266 969
267 298
267 328
267 331
267 412
267 664
267 805
267 963
268 300
268 313
268 323
268 357
268 365
268 608
268 827
268 968
269 274
269 278
269 322
269 345
269 396
269 657
269 804
269 967
270 272
270 288
270 329
270 447
270 690
270 765
270 969
271 302
271 346
271 379
271 626
271 832
271 971
272 286
272 288
272 291
272 461
272 691
272 794
272 969
273 296
273 303
273 319
273 351
273 426
273 660
273 728
273 965
274 284
274 320
274 345
274 425
274 692
274 801
274 967
275 304
275 333
275 355
275 374
275 685
275 834
275 970
276 282
276 284
276 305
276 320
276 389
276 609
276 828
276 969
277 281
277 303
277 306
277 319
277 416
277 610
277 829
277 963
278 282
278 305
278 322
278 440
278 710
278 742
278 967
279 290
279 342
279 348
279 432
279 658
279 744
279 966
280 286
280 327
280 341
280 408
280 712
280 796
280 969
281 303
281 306
281 471
281 705
281 797
281 965
282 284
282 305
282 465
282 711
282 798
282 967
283 297
283 304
283 453
283 684
283 785
283 970
284 320
284 442
284 713
284 721
284 967
285 292
285 298
285 301
285 354
285 448
285 624
285 722
285 963
286 291
286 327
286 449
286 698
286 723
286 969
287 299
287 302
287 370
287 656
287 724
287 971
288 291
288 329
288 400
288 673
288 782
288 967
289 292
289 301
289 328
289 418
289 672
289 763
289 965
290 324
290 342
290 358
290 362
290 618
290 787
290 966
291 327
291 386
291 619
291 788
291 967
292 301
292 354
292 387
292 620
292 789
292 965
293 309
293 314
293 334
293 460
293 621
293 748
293 961
294 318
294 350
294 359
294 457
294 622
294 756
294 962
295 307
295 317
295 321
295 456
295 623
295 757
295 960
296 347
296 351
296 397
296 647
296 803
296 965
297 355
297 369
297 629
297 830
297 970
298 331
298 354
298 409
298 639
298 813
298 963
299 316
299 346
299 383
299 696
299 836
299 971
300 313
300 349
300 463
300 633
300 767
300 968
301 451
301 701
301 795
301 963
302 436
302 683
302 786
302 971
303 319
303 467
303 615
303 758
303 965
304 380
304 627
304 759
304 970
305 322
305 394
305 702
305 737
305 969
306 347
306 393
306 703
306 736
306 963
307 310
307 317
307 464
307 612
307 826
307 960
308 330
308 335
308 356
308 446
308 613
308 775
308 964
309 334
309 339
309 445
309 614
309 774
309 961
310 317
310 336
310 364
310 679
310 762
310 961
311 318
311 337
311 359
311 470
311 680
311 761
311 964
312 324
312 332
312 358
312 399
312 649
312 815
312 968
313 323
313 472
313 648
313 814
313 966
314 325
314 334
314 367
314 714
314 740
314 960
315 326
315 335
315 356
315 450
315 687
315 739
315 962
316 346
316 422
316 709
316 753
316 970
317 321
317 473
317 682
317 822
317 961
318 359
318 375
318 707
318 823
318 964
319 351
319 361
319 670
319 779
319 963
320 345
320 398
320 671
320 835
320 969
321 344
321 377
321 718
321 738
321 961
322 345
322 404
322 677
322 799
322 969
323 343
323 357
323 469
323 662
323 746
323 966
324 342
324 358
324 468
324 643
324 747
324 968
325 338
325 340
325 429
325 635
325 817
325 960
326 428
326 706
326 816
326 962
327 341
327 390
327 675
327 808
327 967
328 331
328 405
328 695
328 770
328 965
329 341
329 406
329 694
329 837
329 967
330 435
330 630
330 751
330 964
331 354
331 421
331 632
331 810
331 965
332 348
332 358
332 462
332 634
332 777
332 966
333 355
333 403
333 708
333 754
333 971
334 339
334 458
334 689
334 781
334 960
335 356
335 384
335 688
335 752
335 962
336 344
336 353
336 415
336 659
336 776
336 961
337 414
337 715
337 749
337 964
338 340
338 454
338 646
338 811
338 961
339 340
339 385
339 717
339 760
339 960
340 413
340 719
340 725
340 960
341 392
341 661
341 727
341 967
342 452
342 665
342 729
342 968
343 352
343 357
343 420
343 666
343 730
343 966
344 353
344 427
344 716
344 733
344 961
345 402
345 641
345 735
345 969
346 373
346 686
346 807
346 971
347 351
347 423
347 678
347 800
347 963
348 444
348 693
348 772
348 966
349 352
349 443
349 676
349 771
349 968
350 431
350 638
350 831
350 962
351 401
351 642
351 833
351 963
352 357
352 433
352 640
352 818
352 968
353 437
353 644
353 812
353 960
354 360
354 674
354 809
354 965
355 382
355 697
355 773
355 970
356 372
356 704
356 838
356 964
357 363
357 699
357 839
357 968
358 366
358 681
358 802
358 966
359 381
359 700
359 755
359 962
360 374
360 406
360 477
360 479
360 481
360 844
360 960
361 383
361 404
361 476
361 478
361 480
361 847
361 961
362 405
362 447
362 464
362 466
362 485
362 856
362 962
363 381
363 395
363 406
363 474
363 486
363 857
363 960
364 407
364 438
364 463
364 465
364 487
364 840
364 963
365 423
365 440
365 460
365 475
365 482
365 851
365 964
366 372
366 404
366 419
366 439
366 483
366 865
366 961
367 424
367 432
367 455
367 461
367 484
367 841
367 965
368 393
368 408
368 422
368 459
368 498
368 890
368 966
369 431
369 462
369 471
369 473
369 499
369 891
369 967
370 375
370 430
370 463
370 465
370 500
370 892
370 965
371 377
371 394
371 409
371 453
371 496
371 845
371 966
372 383
372 439
372 442
372 501
372 893
372 961
373 390
373 410
373 448
373 464
373 502
373 894
373 962
374 381
374 449
374 477
374 503
374 895
374 960
375 420
375 430
375 465
375 504
375 885
375 963
376 385
376 400
376 426
376 436
376 491
376 842
376 968
377 418
377 425
377 453
377 505
377 843
377 966
378 403
378 418
378 425
378 441
378 488
378 868
378 968
379 433
379 435
379 451
379 458
379 489
379 876
379 969
380 384
380 432
380 434
380 461
380 490
380 877
380 963
381 449
381 474
381 492
381 907
381 960
382 388
382 398
382 460
382 467
382 493
382 908
382 964
383 442
383 478
383 494
383 909
383 961
384 399
384 434
384 461
384 495
384 903
384 965
385 393
385 408
385 436
385 497
385 846
385 968
386 397
386 415
386 443
386 446
386 509
386 897
386 970
387 396
387 414
387 444
387 445
387 536
387 887
387 971
388 398
388 413
388 467
388 530
388 858
388 962
389 412
389 429
389 444
389 457
389 506
389 871
389 971
390 405
390 410
390 427
390 518
390 950
390 962
391 421
391 450
391 454
391 472
391 537
391 869
391 967
392 399
392 424
392 434
392 455
392 522
392 951
392 963
393 408
393 436
393 538
393 879
393 966
394 409
394 441
394 453
394 520
394 952
394 968
395 406
395 474
395 479
395 539
395 936
395 961
396 414
396 445
396 468
396 531
396 859
396 970
397 415
397 446
397 469
397 532
397 860
397 971
398 413
398 423
398 510
398 930
398 964
399 424
399 434
399 540
399 873
399 965
400 426
400 436
400 459
400 514
400 932
400 966
401 417
401 431
401 437
401 452
401 541
401 941
401 967
402 407
402 420
402 430
402 438
402 512
402 931
402 965
403 409
403 425
403 441
403 542
403 923
403 966
404 419
404 476
404 526
404 938
404 961
405 427
405 466
405 543
405 855
405 962
406 479
406 524
406 953
406 960
407 420
407 438
407 544
407 867
407 963
408 422
408 545
408 942
408 968
409 441
409 546
409 943
409 966
410 427
410 448
410 508
410 848
410 964
411 416
411 428
411 456
411 469
411 516
411 849
411 971
412 429
412 457
412 468
412 517
412 850
412 970
413 423
413 475
413 547
413 852
413 962
414 429
414 444
414 548
414 853
414 970
415 428
415 443
415 549
415 854
415 971
416 428
416 443
416 456
416 507
416 904
416 970
417 437
417 452
417 470
417 511
417 866
417 969
418 425
418 453
418 513
418 900
418 968
419 439
419 476
419 515
419 925
419 960
420 430
420 519
420 898
420 963
421 435
421 454
421 472
421 521
421 945
421 969
422 426
422 459
422 523
422 924
422 968
423 475
423 525
423 864
423 964
424 455
424 527
424 896
424 965
425 528
425 913
425 966
426 459
426 529
426 912
426 968
427 466
427 533
427 861
427 964
428 443
428 534
428 862
428 971
429 444
429 535
429 863
429 970
430 554
430 954
430 965
431 452
431 473
431 555
431 927
431 967
432 455
432 461
432 583
432 906
432 963
433 450
433 451
433 454
433 582
433 905
433 969
434 550
434 919
434 963
435 458
435 472
435 551
435 920
435 969
436 573
436 948
436 966
437 462
437 470
437 574
437 929
437 967
438 463
438 575
438 928
438 965
439 442
439 594
439 914
439 960
440 460
440 467
440 475
440 567
440 915
440 962
441 579
441 957
441 968
442 478
442 569
442 934
442 960
443 564
443 883
443 970
444 563
444 902
444 971
445 457
445 468
445 576
445 899
445 971
446 456
446 469
446 577
446 955
446 970
447 448
447 464
447 466
447 560
447 911
447 964
448 464
448 587
448 918
448 964
449 474
449 477
449 562
449 917
449 961
450 451
450 454
450 590
450 878
450 967
451 458
451 591
451 882
451 967
452 473
452 592
452 880
452 969
453 556
453 949
453 968
454 557
454 922
454 969
455 558
455 947
455 963
456 469
456 565
456 875
456 970
457 468
457 566
457 946
457 971
458 472
458 593
458 884
458 967
459 561
459 958
459 966
460 467
460 584
460 956
460 964
461 585
461 881
461 965
462 470
462 471
462 553
462 888
462 967
463 465
463 552
463 889
463 965
464 580
464 959
464 962
465 581
465 901
465 963
466 595
466 937
466 964
467 568
467 935
467 962
468 589
468 916
468 970
469 588
469 933
469 971
470 471
470 570
470 870
470 969
471 473
471 571
471 872
471 969
472 572
472 874
472 967
473 578
473 886
473 969
474 559
474 910
474 961
475 586
475 926
475 962
476 478
476 599
476 940
476 960
477 479
477 598
477 921
477 961
478 597
478 939
478 960
479 596
479 944
479 961
480 507
480 529
480 541
480 568
480 607
480 963
481 521
481 536
481 546
481 587
481 604
481 965
482 486
482 552
482 572
482 588
482 611
482 968
483 485
483 540
483 553
483 589
483 625
483 966
484 535
484 561
484 584
484 593
484 601
484 960
485 583
485 589
485 592
485 616
485 966
486 519
486 582
486 588
486 617
486 968
487 549
487 578
487 579
487 580
487 600
487 961
488 501
488 534
488 558
488 590
488 628
488 964
489 502
489 515
489 544
489 573
489 636
489 971
490 503
490 511
490 556
490 586
490 637
490 970
491 504
491 555
491 566
491 596
491 602
491 964
492 498
492 504
492 566
492 570
492 667
492 962
493 499
493 503
493 527
493 542
493 668
493 970
494 500
494 502
494 523
494 537
494 669
494 971
495 496
495 501
495 577
495 590
495 663
495 962
496 551
496 577
496 599
496 605
496 962
497 547
497 550
497 576
497 593
497 606
497 960
498 548
498 570
498 575
498 650
498 962
499 527
499 539
499 556
499 651
499 970
500 537
500 573
500 595
500 652
500 971
501 577
501 590
501 653
501 964
502 523
502 544
502 654
502 971
503 511
503 542
503 655
503 970
504 566
504 570
504 645
504 964
505 533
505 554
505 565
505 578
505 603
505 961
506 510
506 520
506 569
506 581
506 631
506 969
507 538
507 568
507 571
507 664
507 963
508 540
508 553
508 563
508 597
508 608
508 968
509 514
509 518
509 562
509 585
509 657
509 967
510 512
510 528
510 569
510 690
510 969
511 542
511 586
511 626
511 971
512 526
512 528
512 531
512 691
512 969
513 536
513 543
513 559
513 591
513 660
513 965
514 524
514 560
514 585
514 692
514 967
515 544
515 573
515 595
515 685
515 970
516 522
516 524
516 545
516 560
516 609
516 969
517 521
517 543
517 546
517 559
517 610
517 963
518 522
518 545
518 562
518 710
518 967
519 530
519 582
519 588
519 658
519 966
520 526
520 567
520 581
520 712
520 969
521 543
521 546
521 705
521 965
522 524
522 545
522 711
522 967
523 537
523 544
523 684
523 970
524 560
524 713
524 967
525 532
525 538
525 541
525 594
525 624
525 963
526 531
526 567
526 698
526 969
527 539
527 542
527 656
527 971
528 531
528 569
528 673
528 967
529 532
529 541
529 568
529 672
529 965
530 564
530 582
530 598
530 618
530 966
531 567
531 619
531 967
532 541
532 594
532 620
532 965
533 549
533 554
533 574
533 621
533 961
534 558
534 590
534 599
534 622
534 962
535 547
535 557
535 561
535 623
535 960
536 587
536 591
536 647
536 965
537 595
537 629
537 970
538 571
538 594
538 639
538 963
539 556
539 586
539 696
539 971
540 553
540 589
540 633
540 968
541 701
541 963
542 683
542 971
543 559
543 615
543 965
544 627
544 970
545 562
545 702
545 969
546 587
546 703
546 963
547 550
547 557
547 612
547 960
548 570
548 575
548 596
548 613
548 964
549 574
549 579
549 614
549 961
550 557
550 576
550 679
550 961
551 558
551 577
551 599
551 680
551 964
552 564
552 572
552 598
552 649
552 968
553 563
553 648
553 966
554 565
554 574
554 714
554 960
555 566
555 575
555 596
555 687
555 962
556 586
556 709
556 970
557 561
557 682
557 961
558 599
558 707
558 964
559 591
559 670
559 963
560 585
560 671
560 969
561 584
561 718
561 961
562 585
562 677
562 969
563 583
563 597
563 662
563 966
564 582
564 598
564 643
564 968
565 578
565 580
565 635
565 960
566 706
566 962
567 581
567 675
567 967
568 571
568 695
568 965
569 581
569 694
569 967
570 630
570 964
571 594
571 632
571 965
572 588
572 598
572 634
572 966
573 595
573 708
573 971
574 579
574 689
574 960
575 596
575 688
575 962
576 584
576 593
576 659
576 961
577 715
577 964
578 580
578 646
578 961
579 580
579 717
579 960
580 719
580 960
581 661
581 967
582 665
582 968
583 592
583 597
583 666
583 966
584 593
584 716
584 961
585 641
585 969
586 686
586 971
587 591
587 678
587 963
588 693
588 966
589 592
589 676
589 968
590 638
590 962
591 642
591 963
592 597
592 640
592 968
593 644
593 960
594 674
594 965
595 697
595 970
596 704
596 964
597 699
597 968
598 681
598 966
599 700
599 962
600 627
600 649
600 661
600 688
600 963
601 641
601 656
601 666
601 707
601 965
602 606
602 672
602 692
602 708
602 968
603 605
603 660
603 673
603 709
603 966
604 655
604 681
604 704
604 713
604 960
605 703
605 709
605 712
605 966
606 639
606 702
606 708
606 968
607 669
607 698
607 699
607 700
607 961
608 621
608 654
608 678
608 710
608 964
609 622
609 635
609 664
609 693
609 971
610 623
610 631
610 676
610 706
610 970
611 624
611 675
611 686
611 716
611 964
612 618
612 624
612 686
612 690
612 962
613 619
613 623
613 647
613 662
613 970
614 620
614 622
614 643
614 657
614 971
615 616
615 621
615 697
615 710
615 962
616 671
616 697
616 719
616 962
617 667
617 670
617 696
617 713
617 960
618 668
618 690
618 695
618 962
619 647
619 659
619 676
619 970
620 657
620 693
620 715
620 971
621 697
621 710
621 964
622 643
622 664
622 971
623 631
623 662
623 970
624 686
624 690
624 964
625 653
625 674
625 685
625 698
625 961
626 630
626 640
626 689
626 701
626 969
627 658
627 688
627 691
627 963
628 660
628 673
628 683
628 717
628 968
629 634
629 638
629 682
629 705
629 967
630 632
630 648
630 689
630 969
631 662
631 706
631 971
632 646
632 648
632 651
632 969
633 656
633 663
633 679
633 711
633 965
634 644
634 680
634 705
634 967
635 664
635 693
635 715
635 970
636 642
636 644
636 665
636 680
636 969
637 641
637 663
637 666
637 679
637 963
638 642
638 665
638 682
638 967
639 650
639 702
639 708
639 966
640 646
640 687
640 701
640 969
641 663
641 666
641 965
642 644
642 665
642 967
643 657
643 664
643 970
644 680
644 967
645 652
645 658
645 661
645 714
645 963
646 651
646 687
646 969
647 659
647 662
647 971
648 651
648 689
648 967
649 652
649 661
649 688
649 965
650 684
650 702
650 718
650 966
651 687
651 967
652 661
652 714
652 965
653 669
653 674
653 694
653 961
654 678
654 710
654 719
654 962
655 667
655 677
655 681
655 960
656 707
656 711
656 965
657 715
657 970
658 691
658 714
658 963
659 676
659 706
659 971
660 673
660 709
660 968
661 963
662 971
663 679
663 965
664 970
665 682
665 969
666 707
666 963
667 670
667 677
667 960
668 690
668 695
668 716
668 964
669 694
669 699
669 961
670 677
670 696
670 961
671 678
671 697
671 719
671 964
672 684
672 692
672 718
672 968
673 683
673 966
674 685
674 694
674 960
675 686
675 695
675 716
675 962
676 706
676 970
677 681
677 961
678 719
678 964
679 711
679 963
680 705
680 969
681 704
681 961
682 705
682 969
683 703
683 717
683 966
684 702
684 718
684 968
685 698
685 700
685 960
686 962
687 701
687 967
688 691
688 965
689 701
689 967
690 964
691 714
691 965
692 708
692 718
692 966
693 715
693 971
694 699
694 960
695 716
695 962
696 704
696 713
696 961
697 964
698 700
698 961
699 700
699 960
700 960
701 967
702 968
703 712
703 717
703 966
704 713
704 961
705 969
706 971
707 711
707 963
708 966
709 712
709 968
710 962
711 963
712 717
712 968
713 960
714 965
715 970
716 964
717 968
718 966
719 962
720 734
720 766
720 837
720 839
720 933
720 945
720 960
721 743
721 764
721 836
721 838
721 878
721 904
721 961
722 765
722 807
722 824
722 826
722 865
722 867
722 962
723 741
723 755
723 766
723 834
723 851
723 866
723 960
724 767
724 798
724 823
724 825
724 886
724 946
724 963
725 783
725 800
725 820
725 835
725 889
725 934
725 964
726 732
726 764
726 779
726 799
726 888
726 935
726 961
727 784
727 792
727 815
727 821
727 863
727 888
727 965
728 753
728 768
728 782
728 819
728 881
728 907
728 966
729 791
729 822
729 831
729 833
729 908
729 912
729 967
730 735
730 790
730 823
730 825
730 909
730 913
730 965
731 737
731 754
731 769
731 813
731 895
731 903
731 966
732 743
732 799
732 802
732 859
732 868
732 961
733 750
733 770
733 808
733 824
733 876
733 910
733 962
734 741
734 809
734 837
734 877
734 911
734 960
735 780
735 790
735 825
735 842
735 876
735 963
736 745
736 760
736 786
736 796
736 944
736 951
736 968
737 778
737 785
737 813
737 861
737 945
737 966
738 763
738 778
738 785
738 801
738 936
738 947
738 968
739 793
739 795
739 811
739 818
739 852
739 948
739 969
740 744
740 792
740 794
740 821
740 940
740 949
740 963
741 809
741 834
741 943
741 946
741 960
742 748
742 758
742 820
742 827
742 874
742 895
742 964
743 802
743 838
743 873
743 894
743 961
744 759
744 794
744 821
744 878
744 958
744 965
745 753
745 768
745 796
745 884
745 894
745 968
746 757
746 775
746 803
746 806
746 843
746 950
746 970
747 756
747 774
747 804
747 805
747 842
747 844
747 971
748 758
748 773
748 827
748 898
748 938
748 962
749 772
749 789
749 804
749 817
749 918
749 952
749 971
750 765
750 770
750 787
750 916
750 951
750 962
751 781
751 810
751 814
751 832
751 924
751 956
751 967
752 759
752 784
752 794
752 815
752 926
752 953
752 963
753 768
753 796
753 863
753 864
753 966
754 769
754 801
754 813
754 862
754 938
754 968
755 766
755 834
755 839
755 896
755 950
755 961
756 774
756 805
756 828
756 855
756 913
756 970
757 775
757 806
757 829
757 912
757 953
757 971
758 773
758 783
758 841
758 871
758 964
759 784
759 794
759 848
759 897
759 965
760 786
760 796
760 819
760 897
760 914
760 966
761 777
761 791
761 797
761 812
761 847
761 848
761 967
762 767
762 780
762 790
762 798
762 921
762 930
762 965
763 769
763 785
763 801
763 866
763 954
763 966
764 779
764 836
764 924
764 931
764 961
765 787
765 826
765 886
765 900
765 962
766 839
766 885
766 932
766 960
767 780
767 798
767 925
767 952
767 963
768 782
768 847
768 849
768 968
769 801
769 850
769 930
769 966
770 787
770 808
770 892
770 939
770 964
771 776
771 788
771 816
771 829
771 911
771 957
771 971
772 789
772 817
772 828
772 890
772 910
772 970
773 783
773 835
773 846
773 904
773 962
774 789
774 804
774 865
774 870
774 970
775 788
775 803
775 840
775 851
775 971
776 788
776 803
776 816
776 879
776 917
776 970
777 797
777 812
777 830
777 879
777 926
777 969
778 785
778 813
778 887
778 915
778 968
779 799
779 836
779 906
779 937
779 960
780 790
780 933
780 959
780 963
781 795
781 814
781 832
781 855
781 925
781 969
782 786
782 819
782 867
782 927
782 968
783 835
783 923
783 941
783 964
784 815
784 893
784 923
784 965
785 934
785 955
785 966
786 819
786 899
786 935
786 968
787 826
787 854
787 932
787 964
788 803
788 940
788 941
788 971
789 804
789 852
789 931
789 970
790 853
790 929
790 965
791 812
791 833
791 854
791 928
791 967
792 815
792 821
792 849
792 856
792 963
793 810
793 811
793 814
793 850
793 857
793 969
794 880
794 899
794 963
795 818
795 832
795 898
795 955
795 969
796 870
796 892
796 966
797 822
797 830
797 896
797 957
797 967
798 823
798 869
798 890
798 965
799 802
799 860
799 920
799 960
800 820
800 827
800 835
800 859
800 919
800 962
801 882
801 959
801 968
802 838
802 901
802 948
802 960
803 903
803 905
803 970
804 884
804 906
804 971
805 817
805 828
805 901
805 956
805 971
806 816
806 829
806 872
806 893
806 970
807 808
807 824
807 826
807 881
807 902
807 964
808 824
808 929
808 943
808 964
809 834
809 837
809 928
809 942
809 961
810 811
810 814
810 862
810 889
810 967
811 818
811 909
811 918
811 967
812 833
812 907
812 916
812 969
813 840
813 891
813 968
814 845
814 919
814 969
815 846
815 920
815 963
816 829
816 858
816 954
816 970
817 828
817 927
817 939
817 971
818 832
818 841
818 868
818 967
819 922
819 937
819 966
820 827
820 860
820 958
820 964
821 908
821 917
821 965
822 830
822 831
822 902
822 944
822 967
823 825
823 861
823 883
823 965
824 875
824 942
824 962
825 857
825 915
825 963
826 844
826 869
826 964
827 872
827 949
827 962
828 873
828 922
828 970
829 874
829 947
829 971
830 831
830 875
830 885
830 969
831 833
831 856
831 914
831 969
832 887
832 921
832 967
833 843
833 877
833 969
834 882
834 883
834 961
835 905
835 936
835 962
836 838
836 845
836 871
836 960
837 839
837 858
837 891
837 961
838 864
838 880
838 960
839 853
839 900
839 961
840 854
840 886
840 957
840 959
840 960
841 863
841 884
841 956
841 958
841 961
842 885
842 927
842 944
842 946
842 962
843 861
843 875
843 886
843 954
843 960
844 887
844 918
844 943
844 945
844 963
845 903
845 920
845 940
845 955
845 964
846 852
846 884
846 899
846 919
846 961
847 904
847 912
847 935
847 941
847 965
848 873
848 888
848 902
848 939
848 966
849 911
849 942
849 951
849 953
849 967
850 855
850 910
850 943
850 945
850 965
851 857
851 874
851 889
851 933
851 966
852 863
852 919
852 922
852 961
853 870
853 890
853 928
853 944
853 962
854 861
854 929
854 957
854 960
855 900
855 910
855 945
855 963
856 865
856 880
856 906
856 916
856 968
857 898
857 905
857 933
857 966
858 883
858 898
858 905
858 921
858 968
859 913
859 915
859 931
859 938
859 969
860 864
860 912
860 914
860 941
860 963
861 929
861 954
861 960
862 868
862 878
862 940
862 947
862 964
863 922
863 958
863 961
864 879
864 914
864 941
864 965
865 873
865 888
865 916
865 968
866 877
866 895
866 923
866 926
866 970
867 876
867 894
867 924
867 925
867 971
868 878
868 893
868 947
868 962
869 892
869 909
869 924
869 937
869 971
870 885
870 890
870 907
870 962
871 901
871 930
871 934
871 952
871 967
872 879
872 904
872 914
872 935
872 963
873 888
873 916
873 966
874 889
874 921
874 933
874 968
875 886
875 954
875 959
875 961
876 894
876 925
876 948
876 970
877 895
877 926
877 949
877 971
878 893
878 903
878 964
879 904
879 914
879 965
880 906
880 916
880 939
880 966
881 897
881 911
881 917
881 932
881 967
882 887
882 900
882 910
882 918
882 965
883 889
883 905
883 921
883 966
884 899
884 956
884 961
885 907
885 946
885 962
886 959
886 960
887 900
887 918
887 963
888 902
888 968
889 921
889 966
890 907
890 928
890 964
891 896
891 908
891 936
891 949
891 971
892 909
892 937
892 948
892 970
893 903
893 955
893 962
894 909
894 924
894 970
895 908
895 923
895 971
896 908
896 923
896 936
896 970
897 917
897 932
897 950
897 969
898 905
898 933
898 968
899 919
899 956
899 960
900 910
900 963
901 915
901 934
901 952
901 969
902 906
902 939
902 968
903 955
903 964
904 935
904 965
905 966
906 939
906 968
907 946
907 964
908 923
908 971
909 924
909 970
910 965
911 932
911 953
911 967
912 935
912 941
912 963
913 930
913 931
913 934
913 969
914 963
915 938
915 952
915 969
916 966
917 942
917 950
917 967
918 943
918 965
919 922
919 960
920 940
920 947
920 955
920 962
921 968
922 958
922 960
923 970
924 971
925 937
925 948
925 971
926 936
926 949
926 970
927 928
927 944
927 946
927 964
928 944
928 964
929 954
929 957
929 961
930 931
930 934
930 967
931 938
931 967
932 953
932 969
933 968
934 969
935 963
936 949
936 970
937 948
937 971
938 952
938 967
939 966
940 947
940 964
941 965
942 950
942 951
942 967
943 945
943 965
944 962
945 963
946 964
947 962
948 970
949 971
950 951
950 969
951 953
951 969
952 967
953 969
954 961
955 962
956 958
956 960
957 959
957 961
958 960
959 961
960 963
960 964
960 966
960 969
960 971
961 962
961 965
961 967
961 968
961 970
962 963
962 968
962 969
962 970
963 968
963 969
963 971
964 965
964 966
964 967
964 971
965 966
965 967
965 970
966 969
966 970
967 968
967 971
968 971
969 970
