0.809016994374947
0.500000000000000
0.000000000000000
-0.809016994374947
-0.500000000000000
0.000000000000000
0.000000000000000
0.809016994374947
0.500000000000000
0.809016994374947
-0.500000000000000
0.000000000000000
0.000000000000000
-0.809016994374947
-0.500000000000000
-0.809016994374947
0.500000000000000
0.000000000000000
0.000000000000000
-0.809016994374947
0.500000000000000
0.500000000000000
0.000000000000000
0.809016994374947
-0.500000000000000
-0.000000000000000
0.809016994374947
0.000000000000000
0.809016994374947
-0.500000000000000
-0.500000000000000
0.000000000000000
-0.809016994374947
0.500000000000000
0.000000000000000
-0.809016994374947
0.715841708295290
0.349239220211619
0.519722149728425
-0.715841708295290
-0.349239220211619
0.519722149728425
0.519722149728425
0.715841708295290
0.349239220211619
0.235983366513355
0.427187886576715
0.816290914734825
0.715841708295290
-0.349239220211619
0.519722149728425
0.519722149728425
-0.715841708295290
-0.349239220211619
0.085222586724974
-0.946910036305140
0.024637188231929
-0.715841708295290
0.349239220211619
0.519722149728425
-0.519722149728425
-0.715841708295290
0.349239220211619
0.349239220211619
0.519722149728425
0.715841708295290
-0.211346178281426
0.467051694523206
0.801064295020263
0.519722149728425
-0.715841708295290
0.349239220211619
-0.235983366513355
-0.427187886576715
0.816290914734825
0.816290914734825
0.235983366513355
0.427187886576715
0.024637188231929
-0.085222586724974
0.946910036305140
0.235983366513355
-0.427187886576715
0.816290914734825
0.519722149728425
0.715841708295290
-0.349239220211619
0.801064295020263
0.211346178281426
0.467051694523206
-0.519722149728425
0.715841708295290
-0.349239220211619
-0.349239220211619
0.519722149728425
-0.715841708295290
0.731068328009851
0.373876408443548
-0.479858341781935
-0.085222586724974
0.946910036305140
0.024637188231929
0.024637188231929
0.085222586724974
-0.946910036305140
0.816290914734825
-0.235983366513355
-0.427187886576715
0.085222586724974
0.946910036305140
0.024637188231929
-0.479858341781935
-0.731068328009851
0.373876408443548
0.349239220211619
-0.519722149728425
-0.715841708295290
0.427187886576715
-0.816290914734825
-0.235983366513355
-0.519722149728425
0.715841708295290
0.349239220211619
-0.349239220211619
-0.519722149728425
0.715841708295290
-0.024637188231929
0.085222586724974
0.946910036305140
0.349239220211619
-0.519722149728425
0.715841708295290
0.211346178281426
-0.467051694523206
0.801064295020263
0.801064295020263
-0.211346178281426
0.467051694523206
-0.211346178281426
-0.467051694523206
0.801064295020263
0.349239220211619
0.519722149728425
-0.715841708295290
0.946910036305140
0.024637188231929
0.085222586724974
0.479858341781935
-0.731068328009851
0.373876408443548
-0.235983366513355
0.427187886576715
0.816290914734825
-0.816290914734825
-0.235983366513355
0.427187886576715
0.427187886576715
0.816290914734825
0.235983366513355
0.816290914734825
-0.235983366513355
0.427187886576715
0.946910036305140
0.024637188231929
-0.085222586724974
0.373876408443548
-0.479858341781935
0.731068328009851
0.024637188231929
0.085222586724974
0.946910036305140
0.816290914734825
0.235983366513355
-0.427187886576715
-0.519722149728425
-0.715841708295290
-0.349239220211619
-0.349239220211619
0.519722149728425
0.715841708295290
-0.427187886576715
0.816290914734825
0.235983366513355
-0.801064295020263
-0.211346178281426
0.467051694523206
0.467051694523206
0.801064295020263
0.211346178281426
0.373876408443548
0.479858341781935
0.731068328009851
-0.946910036305140
-0.024637188231929
-0.085222586724974
-0.816290914734825
0.235983366513355
-0.427187886576715
-0.349239220211619
-0.519722149728425
-0.715841708295290
-0.731068328009851
-0.373876408443548
-0.479858341781935
-0.479858341781935
0.731068328009851
0.373876408443548
0.731068328009851
-0.373876408443548
-0.479858341781935
-0.801064295020263
0.211346178281426
0.467051694523206
-0.085222586724974
-0.946910036305140
0.024637188231929
-0.024637188231929
-0.085222586724974
-0.946910036305140
-0.946910036305140
0.024637188231929
0.085222586724974
0.024637188231929
-0.085222586724974
-0.946910036305140
-0.427187886576715
0.816290914734825
-0.235983366513355
0.467051694523206
0.801064295020263
-0.211346178281426
0.479858341781935
0.731068328009851
0.373876408443548
0.373876408443548
-0.479858341781935
-0.731068328009851
0.467051694523206
-0.801064295020263
-0.211346178281426
-0.715841708295290
0.349239220211619
-0.519722149728425
0.373876408443548
0.479858341781935
-0.731068328009851
-0.235983366513355
0.427187886576715
-0.816290914734825
0.801064295020263
0.211346178281426
-0.467051694523206
0.427187886576715
0.816290914734825
-0.235983366513355
-0.731068328009851
-0.373876408443548
0.479858341781935
0.715841708295290
-0.349239220211619
-0.519722149728425
0.467051694523206
-0.801064295020263
0.211346178281426
0.946910036305140
-0.024637188231929
0.085222586724974
-0.024637188231929
-0.085222586724974
0.946910036305140
0.715841708295290
0.349239220211619
-0.519722149728425
0.731068328009851
-0.373876408443548
0.479858341781935
0.211346178281426
0.467051694523206
0.801064295020263
0.801064295020263
-0.211346178281426
-0.467051694523206
-0.467051694523206
0.801064295020263
-0.211346178281426
-0.946910036305140
-0.024637188231929
0.085222586724974
-0.085222586724974
-0.946910036305140
-0.024637188231929
-0.816290914734825
0.235983366513355
0.427187886576715
-0.427187886576715
-0.816290914734825
0.235983366513355
-0.373876408443548
0.479858341781935
0.731068328009851
0.427187886576715
-0.816290914734825
0.235983366513355
0.731068328009851
0.373876408443548
0.479858341781935
0.946910036305140
-0.024637188231929
-0.085222586724974
-0.816290914734825
-0.235983366513355
-0.427187886576715
0.211346178281426
-0.467051694523206
-0.801064295020263
-0.373876408443548
-0.479858341781935
0.731068328009851
-0.467051694523206
-0.801064295020263
0.211346178281426
-0.479858341781935
-0.731068328009851
-0.373876408443548
-0.946910036305140
0.024637188231929
-0.085222586724974
-0.715841708295290
-0.349239220211619
-0.519722149728425
-0.211346178281426
-0.467051694523206
-0.801064295020263
-0.731068328009851
0.373876408443548
-0.479858341781935
-0.479858341781935
0.731068328009851
-0.373876408443548
-0.024637188231929
0.085222586724974
-0.946910036305140
-0.467051694523206
-0.801064295020263
-0.211346178281426
-0.211346178281426
0.467051694523206
-0.801064295020263
-0.427187886576715
-0.816290914734825
-0.235983366513355
-0.373876408443548
0.479858341781935
-0.731068328009851
-0.801064295020263
-0.211346178281426
-0.467051694523206
-0.373876408443548
-0.479858341781935
-0.731068328009851
-0.731068328009851
0.373876408443548
0.479858341781935
0.235983366513355
-0.427187886576715
-0.816290914734825
-0.235983366513355
-0.427187886576715
-0.816290914734825
-0.467051694523206
0.801064295020263
0.211346178281426
0.085222586724974
0.946910036305140
-0.024637188231929
0.479858341781935
-0.731068328009851
-0.373876408443548
0.085222586724974
-0.946910036305140
-0.024637188231929
0.479858341781935
0.731068328009851
-0.373876408443548
0.211346178281426
0.467051694523206
-0.801064295020263
-0.085222586724974
0.946910036305140
-0.024637188231929
-0.801064295020263
0.211346178281426
-0.467051694523206
0.235983366513355
0.427187886576715
-0.816290914734825
-0.079606707083100
-0.083447579014429
0.944038013499186
0.079606707083100
0.083447579014429
0.944038013499186
0.944038013499186
-0.079606707083100
-0.083447579014429
0.319430945527784
-0.562208905700954
0.697419181394687
-0.079606707083100
0.083447579014429
0.944038013499186
0.944038013499186
0.079606707083100
0.083447579014429
0.264016633486645
-0.381829107798232
0.830066411118929
0.079606707083100
-0.083447579014429
0.944038013499186
-0.944038013499186
0.079606707083100
-0.083447579014429
-0.083447579014429
0.944038013499186
-0.079606707083100
0.510635465591144
0.780866760409116
0.184409926403545
0.944038013499186
0.079606707083100
-0.083447579014429
-0.319430945527784
0.562208905700954
0.697419181394687
0.697419181394687
0.319430945527784
-0.562208905700954
0.830066411118929
-0.264016633486645
0.381829107798232
0.319430945527784
0.562208905700954
0.697419181394687
0.944038013499186
-0.079606707083100
0.083447579014429
0.184409926403545
-0.510635465591144
0.780866760409116
-0.944038013499186
-0.079606707083100
0.083447579014429
0.083447579014429
0.944038013499186
0.079606707083100
0.433402547908042
0.746618832104499
0.399037652610884
-0.264016633486645
0.381829107798232
0.830066411118929
0.830066411118929
0.264016633486645
-0.381829107798232
0.697419181394687
-0.319430945527784
0.562208905700954
0.264016633486645
0.381829107798232
0.830066411118929
0.399037652610884
-0.433402547908042
0.746618832104499
-0.083447579014429
-0.944038013499186
0.079606707083100
-0.562208905700954
-0.697419181394687
-0.319430945527784
-0.944038013499186
-0.079606707083100
-0.083447579014429
0.083447579014429
-0.944038013499186
-0.079606707083100
-0.830066411118929
0.264016633486645
0.381829107798232
-0.083447579014429
-0.944038013499186
-0.079606707083100
-0.510635465591144
-0.780866760409116
0.184409926403545
0.184409926403545
0.510635465591144
0.780866760409116
0.510635465591144
-0.780866760409116
0.184409926403545
-0.083447579014429
0.944038013499186
0.079606707083100
0.381829107798232
0.830066411118929
0.264016633486645
-0.399037652610884
-0.433402547908042
0.746618832104499
-0.319430945527784
-0.562208905700954
0.697419181394687
-0.697419181394687
-0.319430945527784
-0.562208905700954
-0.562208905700954
0.697419181394687
0.319430945527784
0.697419181394687
-0.319430945527784
-0.562208905700954
0.381829107798232
0.830066411118929
-0.264016633486645
0.746618832104499
0.399037652610884
0.433402547908042
0.830066411118929
0.264016633486645
0.381829107798232
0.697419181394687
0.319430945527784
0.562208905700954
-0.944038013499186
0.079606707083100
0.083447579014429
0.083447579014429
0.944038013499186
-0.079606707083100
0.562208905700954
0.697419181394687
0.319430945527784
-0.184409926403545
0.510635465591144
0.780866760409116
0.780866760409116
0.184409926403545
-0.510635465591144
0.746618832104499
-0.399037652610884
0.433402547908042
-0.381829107798232
-0.830066411118929
-0.264016633486645
-0.697419181394687
0.319430945527784
0.562208905700954
0.083447579014429
-0.944038013499186
0.079606707083100
-0.433402547908042
-0.746618832104499
0.399037652610884
0.399037652610884
0.433402547908042
0.746618832104499
0.433402547908042
-0.746618832104499
0.399037652610884
-0.184409926403545
-0.510635465591144
0.780866760409116
-0.264016633486645
-0.381829107798232
0.830066411118929
-0.830066411118929
-0.264016633486645
-0.381829107798232
-0.381829107798232
0.830066411118929
0.264016633486645
0.830066411118929
-0.264016633486645
-0.381829107798232
0.562208905700954
0.697419181394687
-0.319430945527784
0.780866760409116
0.184409926403545
0.510635465591144
-0.399037652610884
0.433402547908042
0.746618832104499
0.746618832104499
0.399037652610884
-0.433402547908042
0.780866760409116
-0.184409926403545
0.510635465591144
0.079606707083100
-0.083447579014429
-0.944038013499186
0.746618832104499
-0.399037652610884
-0.433402547908042
-0.319430945527784
-0.562208905700954
-0.697419181394687
0.184409926403545
-0.510635465591144
-0.780866760409116
-0.562208905700954
0.697419181394687
-0.319430945527784
-0.433402547908042
-0.746618832104499
-0.399037652610884
-0.079606707083100
0.083447579014429
-0.944038013499186
0.780866760409116
-0.184409926403545
-0.510635465591144
0.381829107798232
-0.830066411118929
0.264016633486645
-0.830066411118929
-0.264016633486645
0.381829107798232
-0.079606707083100
-0.083447579014429
-0.944038013499186
0.433402547908042
-0.746618832104499
-0.399037652610884
-0.510635465591144
0.780866760409116
0.184409926403545
0.184409926403545
0.510635465591144
-0.780866760409116
-0.780866760409116
0.184409926403545
0.510635465591144
-0.381829107798232
-0.830066411118929
0.264016633486645
-0.264016633486645
-0.381829107798232
-0.830066411118929
-0.697419181394687
0.319430945527784
-0.562208905700954
0.562208905700954
-0.697419181394687
0.319430945527784
-0.746618832104499
-0.399037652610884
0.433402547908042
-0.562208905700954
-0.697419181394687
0.319430945527784
0.433402547908042
0.746618832104499
-0.399037652610884
0.381829107798232
-0.830066411118929
-0.264016633486645
-0.697419181394687
-0.319430945527784
0.562208905700954
-0.510635465591144
-0.780866760409116
-0.184409926403545
-0.746618832104499
0.399037652610884
0.433402547908042
-0.780866760409116
-0.184409926403545
-0.510635465591144
0.399037652610884
-0.433402547908042
-0.746618832104499
-0.381829107798232
0.830066411118929
-0.264016633486645
0.079606707083100
0.083447579014429
-0.944038013499186
0.510635465591144
-0.780866760409116
-0.184409926403545
-0.433402547908042
0.746618832104499
0.399037652610884
0.399037652610884
0.433402547908042
-0.746618832104499
-0.830066411118929
0.264016633486645
-0.381829107798232
-0.780866760409116
-0.184409926403545
0.510635465591144
0.510635465591144
0.780866760409116
-0.184409926403545
0.562208905700954
-0.697419181394687
-0.319430945527784
-0.746618832104499
-0.399037652610884
-0.433402547908042
-0.184409926403545
0.510635465591144
-0.780866760409116
-0.746618832104499
0.399037652610884
-0.433402547908042
-0.433402547908042
0.746618832104499
-0.399037652610884
0.319430945527784
0.562208905700954
-0.697419181394687
-0.319430945527784
0.562208905700954
-0.697419181394687
-0.780866760409116
0.184409926403545
-0.510635465591144
0.264016633486645
0.381829107798232
-0.830066411118929
-0.399037652610884
-0.433402547908042
-0.746618832104499
0.264016633486645
-0.381829107798232
-0.830066411118929
-0.399037652610884
0.433402547908042
-0.746618832104499
-0.510635465591144
0.780866760409116
-0.184409926403545
-0.264016633486645
0.381829107798232
-0.830066411118929
-0.184409926403545
-0.510635465591144
-0.780866760409116
0.319430945527784
-0.562208905700954
-0.697419181394687
-0.176457227048861
0.799289287309719
0.484260239335858
0.176457227048861
-0.799289287309719
0.484260239335858
0.484260239335858
-0.176457227048861
0.799289287309719
-0.585222586724974
-0.137893041930193
0.736891125039271
-0.176457227048861
-0.799289287309719
0.484260239335858
0.484260239335858
0.176457227048861
-0.799289287309719
0.884511874034693
-0.346367197405665
0.046658401606306
0.176457227048861
0.799289287309719
0.484260239335858
-0.484260239335858
0.176457227048861
0.799289287309719
0.799289287309719
0.484260239335858
-0.176457227048861
0.631880988331279
-0.062398162270448
0.708054646985831
0.484260239335858
0.176457227048861
0.799289287309719
0.585222586724974
0.137893041930193
0.736891125039271
0.736891125039271
-0.585222586724974
-0.137893041930193
0.046658401606306
-0.884511874034693
0.346367197405665
-0.585222586724974
0.137893041930193
0.736891125039271
0.484260239335858
-0.176457227048861
-0.799289287309719
0.708054646985831
-0.631880988331279
-0.062398162270448
-0.484260239335858
-0.176457227048861
-0.799289287309719
-0.799289287309719
0.484260239335858
0.176457227048861
-0.147620748995422
0.845947688916024
-0.408765359676112
-0.884511874034693
0.346367197405665
0.046658401606306
0.046658401606306
0.884511874034693
-0.346367197405665
0.736891125039271
0.585222586724974
0.137893041930193
0.884511874034693
0.346367197405665
0.046658401606306
-0.408765359676112
0.147620748995422
0.845947688916024
0.799289287309719
-0.484260239335858
0.176457227048861
-0.137893041930193
-0.736891125039271
0.585222586724974
-0.484260239335858
-0.176457227048861
0.799289287309719
-0.799289287309719
-0.484260239335858
-0.176457227048861
-0.046658401606306
0.884511874034693
0.346367197405665
0.799289287309719
-0.484260239335858
-0.176457227048861
-0.631880988331279
0.062398162270448
0.708054646985831
0.708054646985831
0.631880988331279
-0.062398162270448
0.631880988331279
0.062398162270448
0.708054646985831
0.799289287309719
0.484260239335858
0.176457227048861
0.346367197405665
0.046658401606306
0.884511874034693
0.408765359676112
0.147620748995422
0.845947688916024
0.585222586724974
-0.137893041930193
0.736891125039271
-0.736891125039271
0.585222586724974
-0.137893041930193
-0.137893041930193
0.736891125039271
-0.585222586724974
0.736891125039271
0.585222586724974
-0.137893041930193
0.346367197405665
0.046658401606306
-0.884511874034693
0.845947688916024
-0.408765359676112
-0.147620748995422
0.046658401606306
0.884511874034693
0.346367197405665
0.736891125039271
-0.585222586724974
0.137893041930193
-0.484260239335858
0.176457227048861
-0.799289287309719
-0.799289287309719
0.484260239335858
-0.176457227048861
0.137893041930193
0.736891125039271
-0.585222586724974
-0.708054646985831
0.631880988331279
-0.062398162270448
-0.062398162270448
0.708054646985831
-0.631880988331279
0.845947688916024
0.408765359676112
-0.147620748995422
-0.346367197405665
-0.046658401606306
-0.884511874034693
-0.736891125039271
-0.585222586724974
0.137893041930193
-0.799289287309719
-0.484260239335858
0.176457227048861
0.147620748995422
-0.845947688916024
-0.408765359676112
-0.408765359676112
-0.147620748995422
0.845947688916024
-0.147620748995422
-0.845947688916024
-0.408765359676112
-0.708054646985831
-0.631880988331279
-0.062398162270448
-0.884511874034693
-0.346367197405665
0.046658401606306
-0.046658401606306
-0.884511874034693
-0.346367197405665
-0.346367197405665
0.046658401606306
0.884511874034693
0.046658401606306
-0.884511874034693
-0.346367197405665
0.137893041930193
0.736891125039271
0.585222586724974
-0.062398162270448
0.708054646985831
0.631880988331279
0.408765359676112
-0.147620748995422
0.845947688916024
0.845947688916024
-0.408765359676112
0.147620748995422
-0.062398162270448
-0.708054646985831
0.631880988331279
0.176457227048861
0.799289287309719
-0.484260239335858
0.845947688916024
0.408765359676112
0.147620748995422
0.585222586724974
-0.137893041930193
-0.736891125039271
0.708054646985831
-0.631880988331279
0.062398162270448
-0.137893041930193
0.736891125039271
0.585222586724974
0.147620748995422
-0.845947688916024
0.408765359676112
-0.176457227048861
-0.799289287309719
-0.484260239335858
-0.062398162270448
-0.708054646985831
-0.631880988331279
0.346367197405665
-0.046658401606306
0.884511874034693
-0.046658401606306
-0.884511874034693
0.346367197405665
-0.176457227048861
0.799289287309719
-0.484260239335858
-0.147620748995422
-0.845947688916024
0.408765359676112
-0.631880988331279
-0.062398162270448
0.708054646985831
0.708054646985831
0.631880988331279
0.062398162270448
0.062398162270448
0.708054646985831
0.631880988331279
-0.346367197405665
-0.046658401606306
0.884511874034693
-0.884511874034693
-0.346367197405665
-0.046658401606306
-0.736891125039271
-0.585222586724974
-0.137893041930193
0.137893041930193
-0.736891125039271
-0.585222586724974
-0.845947688916024
0.408765359676112
-0.147620748995422
-0.137893041930193
-0.736891125039271
-0.585222586724974
-0.147620748995422
0.845947688916024
0.408765359676112
0.346367197405665
-0.046658401606306
-0.884511874034693
-0.736891125039271
0.585222586724974
0.137893041930193
-0.631880988331279
0.062398162270448
-0.708054646985831
-0.845947688916024
-0.408765359676112
-0.147620748995422
0.062398162270448
-0.708054646985831
-0.631880988331279
-0.408765359676112
0.147620748995422
-0.845947688916024
-0.346367197405665
0.046658401606306
-0.884511874034693
0.176457227048861
-0.799289287309719
-0.484260239335858
0.631880988331279
0.062398162270448
-0.708054646985831
0.147620748995422
0.845947688916024
-0.408765359676112
-0.408765359676112
-0.147620748995422
-0.845947688916024
-0.046658401606306
0.884511874034693
-0.346367197405665
0.062398162270448
-0.708054646985831
0.631880988331279
0.631880988331279
-0.062398162270448
-0.708054646985831
0.137893041930193
-0.736891125039271
0.585222586724974
-0.845947688916024
0.408765359676112
0.147620748995422
-0.708054646985831
0.631880988331279
0.062398162270448
-0.845947688916024
-0.408765359676112
0.147620748995422
0.147620748995422
0.845947688916024
0.408765359676112
-0.585222586724974
0.137893041930193
-0.736891125039271
0.585222586724974
0.137893041930193
-0.736891125039271
0.062398162270448
0.708054646985831
-0.631880988331279
0.884511874034693
0.346367197405665
-0.046658401606306
0.408765359676112
0.147620748995422
-0.845947688916024
0.884511874034693
-0.346367197405665
-0.046658401606306
0.408765359676112
-0.147620748995422
-0.845947688916024
-0.631880988331279
-0.062398162270448
-0.708054646985831
-0.884511874034693
0.346367197405665
-0.046658401606306
-0.708054646985831
-0.631880988331279
0.062398162270448
-0.585222586724974
-0.137893041930193
-0.736891125039271
