0.462460540399789
-0.328038302965003
-0.154960069609891
-0.462460540399789
0.328038302965003
-0.154960069609891
-0.154960069609891
0.462460540399789
-0.328038302965003
0.255226189541718
-0.199960430498194
0.490272292934771
0.462460540399789
0.328038302965003
-0.154960069609891
-0.154960069609891
-0.462460540399789
0.328038302965003
-0.004495530013864
0.045000360888302
-0.586042882852734
-0.462460540399789
-0.328038302965003
-0.154960069609891
0.154960069609891
-0.462460540399789
-0.328038302965003
-0.328038302965003
-0.154960069609891
0.462460540399789
0.330816693311016
0.162233989969769
-0.457965010385925
-0.154960069609891
-0.462460540399789
-0.328038302965003
-0.255226189541718
0.199960430498194
0.490272292934771
0.490272292934771
0.255226189541718
-0.199960430498194
-0.330816693311016
0.162233989969769
0.457965010385925
0.255226189541718
0.199960430498194
0.490272292934771
-0.154960069609891
0.462460540399789
0.328038302965003
0.457965010385925
0.330816693311016
0.162233989969769
0.154960069609891
0.462460540399789
0.328038302965003
0.328038302965003
-0.154960069609891
-0.462460540399789
-0.485776762920907
-0.258004579887731
0.207234350858071
0.004495530013864
-0.045000360888302
-0.586042882852734
-0.586042882852734
-0.004495530013864
0.045000360888302
0.485776762920907
-0.258004579887731
-0.207234350858071
-0.004495530013864
-0.045000360888302
-0.586042882852734
-0.207234350858071
-0.485776762920907
-0.258004579887731
-0.328038302965003
0.154960069609891
-0.462460540399789
0.199960430498194
-0.490272292934771
0.255226189541718
0.154960069609891
0.462460540399789
-0.328038302965003
0.328038302965003
0.154960069609891
0.462460540399789
-0.586042882852734
0.004495530013864
-0.045000360888302
-0.328038302965003
0.154960069609891
0.462460540399789
-0.330816693311016
-0.162233989969769
-0.457965010385925
-0.457965010385925
0.330816693311016
0.162233989969769
0.586042882852734
0.004495530013864
0.045000360888302
0.330816693311016
-0.162233989969769
-0.457965010385925
-0.328038302965003
-0.154960069609891
-0.462460540399789
0.045000360888302
-0.586042882852734
0.004495530013864
0.490272292934771
-0.255226189541718
0.199960430498194
-0.255226189541718
-0.199960430498194
0.490272292934771
-0.490272292934771
-0.255226189541718
-0.199960430498194
-0.199960430498194
0.490272292934771
0.255226189541718
0.485776762920907
0.258004579887731
0.207234350858071
0.490272292934771
-0.255226189541718
-0.199960430498194
0.330816693311016
-0.162233989969769
0.457965010385925
0.457965010385925
-0.330816693311016
0.162233989969769
-0.485776762920907
0.258004579887731
-0.207234350858071
-0.330816693311016
-0.162233989969769
0.457965010385925
0.490272292934771
0.255226189541718
0.199960430498194
-0.207234350858071
0.485776762920907
0.258004579887731
0.154960069609891
-0.462460540399789
0.328038302965003
0.328038302965003
-0.154960069609891
0.462460540399789
-0.199960430498194
0.490272292934771
-0.255226189541718
-0.457965010385925
-0.330816693311016
0.162233989969769
0.162233989969769
0.457965010385925
0.330816693311016
0.199960430498194
0.490272292934771
0.255226189541718
-0.045000360888302
0.586042882852734
-0.004495530013864
0.328038302965003
0.154960069609891
-0.462460540399789
0.207234350858071
-0.485776762920907
-0.258004579887731
-0.485776762920907
0.258004579887731
0.207234350858071
0.004495530013864
0.045000360888302
-0.586042882852734
0.045000360888302
-0.586042882852734
-0.004495530013864
-0.586042882852734
0.004495530013864
0.045000360888302
-0.207234350858071
0.485776762920907
-0.258004579887731
0.485776762920907
0.258004579887731
-0.207234350858071
-0.586042882852734
-0.004495530013864
-0.045000360888302
0.457965010385925
-0.330816693311016
-0.162233989969769
0.207234350858071
0.485776762920907
-0.258004579887731
-0.258004579887731
-0.207234350858071
-0.485776762920907
-0.045000360888302
-0.586042882852734
-0.004495530013864
-0.462460540399789
-0.328038302965003
0.154960069609891
0.258004579887731
-0.207234350858071
-0.485776762920907
0.255226189541718
0.199960430498194
-0.490272292934771
-0.258004579887731
-0.207234350858071
0.485776762920907
0.462460540399789
0.328038302965003
0.154960069609891
-0.162233989969769
0.457965010385925
0.330816693311016
0.586042882852734
-0.004495530013864
-0.045000360888302
-0.045000360888302
-0.586042882852734
0.004495530013864
-0.255226189541718
-0.199960430498194
-0.490272292934771
0.462460540399789
-0.328038302965003
0.154960069609891
-0.490272292934771
0.255226189541718
-0.199960430498194
-0.457965010385925
-0.330816693311016
-0.162233989969769
-0.330816693311016
0.162233989969769
-0.457965010385925
0.162233989969769
-0.457965010385925
0.330816693311016
-0.258004579887731
0.207234350858071
-0.485776762920907
0.045000360888302
0.586042882852734
0.004495530013864
0.258004579887731
0.207234350858071
0.485776762920907
0.586042882852734
-0.004495530013864
0.045000360888302
-0.457965010385925
0.330816693311016
-0.162233989969769
0.485776762920907
-0.258004579887731
0.207234350858071
0.162233989969769
-0.457965010385925
-0.330816693311016
-0.045000360888302
0.586042882852734
0.004495530013864
-0.162233989969769
-0.457965010385925
0.330816693311016
-0.490272292934771
0.255226189541718
0.199960430498194
0.199960430498194
0.490272292934771
-0.255226189541718
0.004495530013864
0.045000360888302
0.586042882852734
-0.199960430498194
-0.490272292934771
-0.255226189541718
-0.162233989969769
-0.457965010385925
-0.330816693311016
-0.199960430498194
-0.490272292934771
0.255226189541718
0.207234350858071
0.485776762920907
0.258004579887731
0.457965010385925
0.330816693311016
-0.162233989969769
0.330816693311016
0.162233989969769
0.457965010385925
0.162233989969769
0.457965010385925
-0.330816693311016
-0.004495530013864
-0.045000360888302
0.586042882852734
-0.207234350858071
-0.485776762920907
0.258004579887731
-0.485776762920907
-0.258004579887731
-0.207234350858071
-0.490272292934771
-0.255226189541718
0.199960430498194
0.207234350858071
-0.485776762920907
0.258004579887731
0.258004579887731
-0.207234350858071
0.485776762920907
-0.162233989969769
0.457965010385925
-0.330816693311016
-0.258004579887731
0.207234350858071
0.485776762920907
0.199960430498194
-0.490272292934771
-0.255226189541718
0.258004579887731
0.207234350858071
-0.485776762920907
0.045000360888302
0.586042882852734
-0.004495530013864
-0.462460540399789
0.328038302965003
0.154960069609891
0.586042882852734
0.004495530013864
-0.045000360888302
0.255226189541718
-0.199960430498194
-0.490272292934771
-0.255226189541718
0.199960430498194
-0.490272292934771
0.004495530013864
-0.045000360888302
0.586042882852734
-0.004495530013864
0.045000360888302
0.586042882852734
-0.221760129434262
0.094833326797661
0.536022936015161
0.221760129434262
-0.094833326797661
0.536022936015161
0.536022936015161
-0.221760129434262
0.094833326797661
-0.515226619714561
0.276205592350026
-0.061184180182497
-0.221760129434262
-0.094833326797661
0.536022936015161
0.536022936015161
0.221760129434262
-0.094833326797661
-0.352076709507480
0.259817343665135
0.392464573389377
0.221760129434262
0.094833326797661
0.536022936015161
-0.536022936015161
0.221760129434262
0.094833326797661
0.094833326797661
0.536022936015161
-0.221760129434262
0.122762046325185
0.033649146615164
0.573836838941742
0.536022936015161
0.221760129434262
0.094833326797661
0.515226619714561
-0.276205592350026
-0.061184180182497
-0.061184180182497
-0.515226619714561
0.276205592350026
-0.122762046325185
0.033649146615164
-0.573836838941742
-0.515226619714561
-0.276205592350026
-0.061184180182497
0.536022936015161
-0.221760129434262
-0.094833326797661
-0.573836838941742
0.122762046325185
0.033649146615164
-0.536022936015161
-0.221760129434262
-0.094833326797661
-0.094833326797661
0.536022936015161
0.221760129434262
0.413260889689976
0.297631246591716
0.293466490280299
0.352076709507480
-0.259817343665135
0.392464573389377
0.392464573389377
-0.352076709507480
0.259817343665135
-0.413260889689976
0.297631246591716
-0.293466490280299
-0.352076709507480
-0.259817343665135
0.392464573389377
-0.293466490280299
0.413260889689976
0.297631246591716
0.094833326797661
-0.536022936015161
0.221760129434262
-0.276205592350026
0.061184180182497
-0.515226619714561
-0.536022936015161
-0.221760129434262
0.094833326797661
-0.094833326797661
-0.536022936015161
-0.221760129434262
0.392464573389377
0.352076709507480
-0.259817343665135
0.094833326797661
-0.536022936015161
-0.221760129434262
-0.122762046325185
-0.033649146615164
0.573836838941742
0.573836838941742
0.122762046325185
0.033649146615164
-0.392464573389377
0.352076709507480
0.259817343665135
0.122762046325185
-0.033649146615164
0.573836838941742
0.094833326797661
0.536022936015161
0.221760129434262
0.259817343665135
0.392464573389377
0.352076709507480
-0.061184180182497
0.515226619714561
-0.276205592350026
0.515226619714561
0.276205592350026
-0.061184180182497
0.061184180182497
0.515226619714561
0.276205592350026
0.276205592350026
-0.061184180182497
-0.515226619714561
-0.413260889689976
-0.297631246591716
0.293466490280299
-0.061184180182497
0.515226619714561
0.276205592350026
0.122762046325185
-0.033649146615164
-0.573836838941742
-0.573836838941742
-0.122762046325185
0.033649146615164
0.413260889689976
-0.297631246591716
-0.293466490280299
-0.122762046325185
-0.033649146615164
-0.573836838941742
-0.061184180182497
-0.515226619714561
-0.276205592350026
-0.293466490280299
-0.413260889689976
-0.297631246591716
-0.536022936015161
0.221760129434262
-0.094833326797661
-0.094833326797661
0.536022936015161
-0.221760129434262
0.276205592350026
-0.061184180182497
0.515226619714561
0.573836838941742
-0.122762046325185
0.033649146615164
0.033649146615164
-0.573836838941742
0.122762046325185
-0.276205592350026
-0.061184180182497
-0.515226619714561
-0.259817343665135
-0.392464573389377
-0.352076709507480
-0.094833326797661
-0.536022936015161
0.221760129434262
0.293466490280299
0.413260889689976
0.297631246591716
0.413260889689976
-0.297631246591716
0.293466490280299
0.352076709507480
0.259817343665135
0.392464573389377
0.259817343665135
0.392464573389377
-0.352076709507480
0.392464573389377
0.352076709507480
0.259817343665135
-0.293466490280299
-0.413260889689976
0.297631246591716
-0.413260889689976
-0.297631246591716
-0.293466490280299
0.392464573389377
-0.352076709507480
-0.259817343665135
-0.573836838941742
-0.122762046325185
-0.033649146615164
0.293466490280299
-0.413260889689976
0.297631246591716
0.297631246591716
-0.293466490280299
0.413260889689976
-0.259817343665135
0.392464573389377
-0.352076709507480
0.221760129434262
0.094833326797661
-0.536022936015161
-0.297631246591716
-0.293466490280299
0.413260889689976
-0.515226619714561
-0.276205592350026
0.061184180182497
0.297631246591716
-0.293466490280299
-0.413260889689976
-0.221760129434262
-0.094833326797661
-0.536022936015161
-0.033649146615164
-0.573836838941742
0.122762046325185
-0.392464573389377
-0.352076709507480
-0.259817343665135
-0.259817343665135
0.392464573389377
0.352076709507480
0.515226619714561
0.276205592350026
0.061184180182497
-0.221760129434262
0.094833326797661
-0.536022936015161
0.061184180182497
-0.515226619714561
0.276205592350026
0.573836838941742
-0.122762046325185
-0.033649146615164
-0.122762046325185
0.033649146615164
0.573836838941742
0.033649146615164
0.573836838941742
0.122762046325185
0.297631246591716
0.293466490280299
0.413260889689976
0.259817343665135
-0.392464573389377
0.352076709507480
-0.297631246591716
0.293466490280299
-0.413260889689976
-0.392464573389377
-0.352076709507480
0.259817343665135
0.573836838941742
0.122762046325185
-0.033649146615164
-0.413260889689976
0.297631246591716
0.293466490280299
0.033649146615164
0.573836838941742
-0.122762046325185
-0.259817343665135
-0.392464573389377
0.352076709507480
-0.033649146615164
0.573836838941742
0.122762046325185
0.061184180182497
-0.515226619714561
-0.276205592350026
-0.276205592350026
-0.061184180182497
0.515226619714561
0.352076709507480
0.259817343665135
-0.392464573389377
0.276205592350026
0.061184180182497
0.515226619714561
-0.033649146615164
0.573836838941742
-0.122762046325185
0.276205592350026
0.061184180182497
-0.515226619714561
0.293466490280299
-0.413260889689976
-0.297631246591716
-0.573836838941742
0.122762046325185
-0.033649146615164
0.122762046325185
0.033649146615164
-0.573836838941742
0.033649146615164
-0.573836838941742
-0.122762046325185
-0.352076709507480
-0.259817343665135
-0.392464573389377
-0.293466490280299
0.413260889689976
-0.297631246591716
0.413260889689976
0.297631246591716
-0.293466490280299
0.061184180182497
0.515226619714561
-0.276205592350026
0.293466490280299
0.413260889689976
-0.297631246591716
-0.297631246591716
-0.293466490280299
-0.413260889689976
-0.033649146615164
-0.573836838941742
-0.122762046325185
0.297631246591716
0.293466490280299
-0.413260889689976
-0.276205592350026
0.061184180182497
0.515226619714561
-0.297631246591716
0.293466490280299
0.413260889689976
0.259817343665135
-0.392464573389377
-0.352076709507480
0.221760129434262
-0.094833326797661
-0.536022936015161
-0.392464573389377
0.352076709507480
-0.259817343665135
-0.515226619714561
0.276205592350026
0.061184180182497
0.515226619714561
-0.276205592350026
0.061184180182497
0.352076709507480
-0.259817343665135
-0.392464573389377
-0.352076709507480
0.259817343665135
-0.392464573389377
-0.572192898669754
-0.044617665124285
-0.126870222996922
0.572192898669754
0.044617665124285
-0.126870222996922
-0.126870222996922
-0.572192898669754
-0.044617665124285
-0.197243899622962
-0.276348890582954
-0.479810001508539
-0.572192898669754
0.044617665124285
-0.126870222996922
-0.126870222996922
0.572192898669754
0.044617665124285
0.402524232592260
0.149478667586032
0.401399891536162
0.572192898669754
-0.044617665124285
-0.126870222996922
0.126870222996922
0.572192898669754
-0.044617665124285
-0.044617665124285
-0.126870222996922
-0.572192898669754
-0.204155991913200
-0.524427666632823
0.169668666077493
-0.126870222996922
0.572192898669754
-0.044617665124285
0.197243899622962
0.276348890582954
-0.479810001508539
-0.479810001508539
-0.197243899622962
-0.276348890582954
0.204155991913200
-0.524427666632823
-0.169668666077493
-0.197243899622962
0.276348890582954
-0.479810001508539
-0.126870222996922
-0.572192898669754
0.044617665124285
-0.169668666077493
-0.204155991913200
-0.524427666632823
0.126870222996922
-0.572192898669754
0.044617665124285
0.044617665124285
-0.126870222996922
0.572192898669754
0.077285768916278
0.446017556660447
-0.374948999046791
-0.402524232592260
-0.149478667586032
0.401399891536162
0.401399891536162
0.402524232592260
0.149478667586032
-0.077285768916278
0.446017556660447
0.374948999046791
0.402524232592260
-0.149478667586032
0.401399891536162
0.374948999046791
0.077285768916278
0.446017556660447
-0.044617665124285
0.126870222996922
0.572192898669754
0.276348890582954
0.479810001508539
-0.197243899622962
0.126870222996922
-0.572192898669754
-0.044617665124285
0.044617665124285
0.126870222996922
-0.572192898669754
0.401399891536162
-0.402524232592260
-0.149478667586032
-0.044617665124285
0.126870222996922
-0.572192898669754
0.204155991913200
0.524427666632823
0.169668666077493
0.169668666077493
-0.204155991913200
-0.524427666632823
-0.401399891536162
-0.402524232592260
0.149478667586032
-0.204155991913200
0.524427666632823
0.169668666077493
-0.044617665124285
-0.126870222996922
0.572192898669754
0.149478667586032
0.401399891536162
-0.402524232592260
-0.479810001508539
0.197243899622962
0.276348890582954
0.197243899622962
-0.276348890582954
-0.479810001508539
0.479810001508539
0.197243899622962
-0.276348890582954
-0.276348890582954
-0.479810001508539
-0.197243899622962
-0.077285768916278
-0.446017556660447
-0.374948999046791
-0.479810001508539
0.197243899622962
-0.276348890582954
-0.204155991913200
0.524427666632823
-0.169668666077493
-0.169668666077493
0.204155991913200
-0.524427666632823
0.077285768916278
-0.446017556660447
0.374948999046791
0.204155991913200
0.524427666632823
-0.169668666077493
-0.479810001508539
-0.197243899622962
0.276348890582954
0.374948999046791
-0.077285768916278
-0.446017556660447
0.126870222996922
0.572192898669754
0.044617665124285
0.044617665124285
-0.126870222996922
-0.572192898669754
-0.276348890582954
-0.479810001508539
0.197243899622962
0.169668666077493
0.204155991913200
-0.524427666632823
-0.524427666632823
-0.169668666077493
-0.204155991913200
0.276348890582954
-0.479810001508539
-0.197243899622962
-0.149478667586032
-0.401399891536162
0.402524232592260
0.044617665124285
0.126870222996922
0.572192898669754
-0.374948999046791
0.077285768916278
0.446017556660447
0.077285768916278
-0.446017556660447
-0.374948999046791
-0.402524232592260
0.149478667586032
0.401399891536162
0.149478667586032
0.401399891536162
0.402524232592260
0.401399891536162
-0.402524232592260
0.149478667586032
0.374948999046791
-0.077285768916278
0.446017556660447
-0.077285768916278
-0.446017556660447
0.374948999046791
0.401399891536162
0.402524232592260
-0.149478667586032
-0.169668666077493
0.204155991913200
0.524427666632823
-0.374948999046791
-0.077285768916278
0.446017556660447
0.446017556660447
0.374948999046791
0.077285768916278
-0.149478667586032
0.401399891536162
0.402524232592260
0.572192898669754
-0.044617665124285
0.126870222996922
-0.446017556660447
0.374948999046791
0.077285768916278
-0.197243899622962
0.276348890582954
0.479810001508539
0.446017556660447
0.374948999046791
-0.077285768916278
-0.572192898669754
0.044617665124285
0.126870222996922
0.524427666632823
-0.169668666077493
-0.204155991913200
-0.401399891536162
0.402524232592260
-0.149478667586032
-0.149478667586032
0.401399891536162
-0.402524232592260
0.197243899622962
-0.276348890582954
0.479810001508539
-0.572192898669754
-0.044617665124285
0.126870222996922
0.479810001508539
-0.197243899622962
-0.276348890582954
0.169668666077493
0.204155991913200
0.524427666632823
0.204155991913200
-0.524427666632823
0.169668666077493
-0.524427666632823
0.169668666077493
-0.204155991913200
0.446017556660447
-0.374948999046791
0.077285768916278
0.149478667586032
-0.401399891536162
-0.402524232592260
-0.446017556660447
-0.374948999046791
-0.077285768916278
-0.401399891536162
0.402524232592260
0.149478667586032
0.169668666077493
-0.204155991913200
0.524427666632823
-0.077285768916278
0.446017556660447
-0.374948999046791
-0.524427666632823
0.169668666077493
0.204155991913200
-0.149478667586032
-0.401399891536162
-0.402524232592260
0.524427666632823
0.169668666077493
-0.204155991913200
0.479810001508539
-0.197243899622962
0.276348890582954
0.276348890582954
-0.479810001508539
0.197243899622962
-0.402524232592260
0.149478667586032
-0.401399891536162
-0.276348890582954
0.479810001508539
0.197243899622962
0.524427666632823
0.169668666077493
0.204155991913200
-0.276348890582954
0.479810001508539
-0.197243899622962
-0.374948999046791
-0.077285768916278
-0.446017556660447
-0.169668666077493
-0.204155991913200
0.524427666632823
-0.204155991913200
-0.524427666632823
-0.169668666077493
-0.524427666632823
-0.169668666077493
0.204155991913200
0.402524232592260
-0.149478667586032
-0.401399891536162
0.374948999046791
0.077285768916278
-0.446017556660447
0.077285768916278
0.446017556660447
0.374948999046791
0.479810001508539
0.197243899622962
0.276348890582954
-0.374948999046791
0.077285768916278
-0.446017556660447
-0.446017556660447
0.374948999046791
-0.077285768916278
0.524427666632823
-0.169668666077493
0.204155991913200
0.446017556660447
-0.374948999046791
-0.077285768916278
0.276348890582954
0.479810001508539
0.197243899622962
-0.446017556660447
-0.374948999046791
0.077285768916278
0.149478667586032
-0.401399891536162
0.402524232592260
0.572192898669754
0.044617665124285
0.126870222996922
-0.401399891536162
-0.402524232592260
-0.149478667586032
-0.197243899622962
-0.276348890582954
0.479810001508539
0.197243899622962
0.276348890582954
0.479810001508539
-0.402524232592260
-0.149478667586032
-0.401399891536162
0.402524232592260
0.149478667586032
-0.401399891536162
-0.135915761086601
-0.225016434416618
-0.525724274637579
0.135915761086601
0.225016434416618
-0.525724274637579
-0.525724274637579
-0.135915761086601
-0.225016434416618
0.287828089745552
-0.486904536754654
-0.159907678532611
-0.135915761086601
0.225016434416618
-0.525724274637579
-0.525724274637579
0.135915761086601
0.225016434416618
0.562811655328935
-0.038819737882925
-0.165007791904297
0.135915761086601
-0.225016434416618
-0.525724274637579
0.525724274637579
0.135915761086601
-0.225016434416618
-0.225016434416618
-0.525724274637579
-0.135915761086601
-0.122820297841255
-0.384924112949228
-0.426895894242333
-0.525724274637579
0.135915761086601
-0.225016434416618
-0.287828089745552
0.486904536754654
-0.159907678532611
-0.159907678532611
0.287828089745552
-0.486904536754654
0.122820297841255
-0.384924112949228
0.426895894242333
0.287828089745552
0.486904536754654
-0.159907678532611
-0.525724274637579
-0.135915761086601
0.225016434416618
0.426895894242333
-0.122820297841255
-0.384924112949228
0.525724274637579
-0.135915761086601
0.225016434416618
0.225016434416618
-0.525724274637579
0.135915761086601
-0.402903976796324
0.060008642512320
-0.423743850832153
-0.562811655328935
0.038819737882925
-0.165007791904297
-0.165007791904297
0.562811655328935
-0.038819737882925
0.402903976796324
0.060008642512320
0.423743850832153
0.562811655328935
0.038819737882925
-0.165007791904297
0.423743850832153
-0.402903976796324
0.060008642512320
-0.225016434416618
0.525724274637579
0.135915761086601
0.486904536754654
0.159907678532611
0.287828089745552
0.525724274637579
-0.135915761086601
-0.225016434416618
0.225016434416618
0.525724274637579
-0.135915761086601
-0.165007791904297
-0.562811655328935
0.038819737882925
-0.225016434416618
0.525724274637579
-0.135915761086601
0.122820297841255
0.384924112949228
-0.426895894242333
-0.426895894242333
-0.122820297841255
-0.384924112949228
0.165007791904297
-0.562811655328935
-0.038819737882925
-0.122820297841255
0.384924112949228
-0.426895894242333
-0.225016434416618
-0.525724274637579
0.135915761086601
-0.038819737882925
-0.165007791904297
-0.562811655328935
-0.159907678532611
-0.287828089745552
0.486904536754654
-0.287828089745552
-0.486904536754654
-0.159907678532611
0.159907678532611
-0.287828089745552
-0.486904536754654
-0.486904536754654
-0.159907678532611
0.287828089745552
0.402903976796324
-0.060008642512320
-0.423743850832153
-0.159907678532611
-0.287828089745552
-0.486904536754654
-0.122820297841255
0.384924112949228
0.426895894242333
0.426895894242333
0.122820297841255
-0.384924112949228
-0.402903976796324
-0.060008642512320
0.423743850832153
0.122820297841255
0.384924112949228
0.426895894242333
-0.159907678532611
0.287828089745552
0.486904536754654
0.423743850832153
0.402903976796324
-0.060008642512320
0.525724274637579
0.135915761086601
0.225016434416618
0.225016434416618
-0.525724274637579
-0.135915761086601
-0.486904536754654
-0.159907678532611
-0.287828089745552
-0.426895894242333
0.122820297841255
-0.384924112949228
-0.384924112949228
0.426895894242333
-0.122820297841255
0.486904536754654
-0.159907678532611
0.287828089745552
0.038819737882925
0.165007791904297
0.562811655328935
0.225016434416618
0.525724274637579
0.135915761086601
-0.423743850832153
-0.402903976796324
0.060008642512320
-0.402903976796324
-0.060008642512320
-0.423743850832153
-0.562811655328935
-0.038819737882925
-0.165007791904297
-0.038819737882925
-0.165007791904297
0.562811655328935
-0.165007791904297
-0.562811655328935
-0.038819737882925
0.423743850832153
0.402903976796324
0.060008642512320
0.402903976796324
-0.060008642512320
0.423743850832153
-0.165007791904297
0.562811655328935
0.038819737882925
0.426895894242333
0.122820297841255
0.384924112949228
-0.423743850832153
0.402903976796324
0.060008642512320
0.060008642512320
0.423743850832153
-0.402903976796324
0.038819737882925
-0.165007791904297
0.562811655328935
0.135915761086601
-0.225016434416618
0.525724274637579
-0.060008642512320
0.423743850832153
-0.402903976796324
0.287828089745552
0.486904536754654
0.159907678532611
0.060008642512320
0.423743850832153
0.402903976796324
-0.135915761086601
0.225016434416618
0.525724274637579
0.384924112949228
0.426895894242333
-0.122820297841255
0.165007791904297
0.562811655328935
0.038819737882925
0.038819737882925
-0.165007791904297
-0.562811655328935
-0.287828089745552
-0.486904536754654
0.159907678532611
-0.135915761086601
-0.225016434416618
0.525724274637579
0.159907678532611
0.287828089745552
-0.486904536754654
-0.426895894242333
0.122820297841255
0.384924112949228
0.122820297841255
-0.384924112949228
-0.426895894242333
-0.384924112949228
-0.426895894242333
-0.122820297841255
0.060008642512320
-0.423743850832153
-0.402903976796324
-0.038819737882925
0.165007791904297
-0.562811655328935
-0.060008642512320
-0.423743850832153
0.402903976796324
0.165007791904297
0.562811655328935
-0.038819737882925
-0.426895894242333
-0.122820297841255
0.384924112949228
0.402903976796324
0.060008642512320
-0.423743850832153
-0.384924112949228
-0.426895894242333
0.122820297841255
0.038819737882925
0.165007791904297
-0.562811655328935
0.384924112949228
-0.426895894242333
-0.122820297841255
0.159907678532611
0.287828089745552
0.486904536754654
0.486904536754654
-0.159907678532611
-0.287828089745552
-0.562811655328935
-0.038819737882925
0.165007791904297
-0.486904536754654
0.159907678532611
-0.287828089745552
0.384924112949228
-0.426895894242333
0.122820297841255
-0.486904536754654
0.159907678532611
0.287828089745552
-0.423743850832153
0.402903976796324
-0.060008642512320
0.426895894242333
-0.122820297841255
0.384924112949228
-0.122820297841255
-0.384924112949228
0.426895894242333
-0.384924112949228
0.426895894242333
0.122820297841255
0.562811655328935
0.038819737882925
0.165007791904297
0.423743850832153
-0.402903976796324
-0.060008642512320
-0.402903976796324
0.060008642512320
0.423743850832153
0.159907678532611
-0.287828089745552
0.486904536754654
-0.423743850832153
-0.402903976796324
-0.060008642512320
-0.060008642512320
0.423743850832153
0.402903976796324
0.384924112949228
0.426895894242333
0.122820297841255
0.060008642512320
-0.423743850832153
0.402903976796324
0.486904536754654
0.159907678532611
-0.287828089745552
-0.060008642512320
-0.423743850832153
-0.402903976796324
-0.038819737882925
0.165007791904297
0.562811655328935
0.135915761086601
0.225016434416618
0.525724274637579
0.165007791904297
-0.562811655328935
0.038819737882925
0.287828089745552
-0.486904536754654
0.159907678532611
-0.287828089745552
0.486904536754654
0.159907678532611
-0.562811655328935
0.038819737882925
0.165007791904297
0.562811655328935
-0.038819737882925
0.165007791904297
0.072192898669754
0.353634659499232
0.463920484345159
-0.072192898669754
-0.353634659499232
0.463920484345159
0.463920484345159
0.072192898669754
0.353634659499232
-0.229943986953753
0.540365524069599
0.024947265848714
0.072192898669754
-0.353634659499232
0.463920484345159
0.463920484345159
-0.072192898669754
-0.353634659499232
-0.520695124794028
-0.076445039724440
0.261771361553908
-0.072192898669754
0.353634659499232
0.463920484345159
-0.463920484345159
-0.072192898669754
0.353634659499232
0.353634659499232
0.463920484345159
0.072192898669754
-0.031827374600155
0.378581925347946
0.448502226124274
0.463920484345159
-0.072192898669754
0.353634659499232
0.229943986953753
-0.540365524069599
0.024947265848714
0.024947265848714
-0.229943986953753
0.540365524069599
0.031827374600155
0.378581925347946
-0.448502226124274
-0.229943986953753
-0.540365524069599
0.024947265848714
0.463920484345159
0.072192898669754
-0.353634659499232
-0.448502226124274
-0.031827374600155
0.378581925347946
-0.463920484345159
0.072192898669754
-0.353634659499232
-0.353634659499232
0.463920484345159
-0.072192898669754
0.495747858945314
-0.091863297945324
0.302136885623507
0.520695124794028
0.076445039724440
0.261771361553908
0.261771361553908
-0.520695124794028
-0.076445039724440
-0.495747858945314
-0.091863297945324
-0.302136885623507
-0.520695124794028
0.076445039724440
0.261771361553908
-0.302136885623507
0.495747858945314
-0.091863297945324
0.353634659499232
-0.463920484345159
-0.072192898669754
-0.540365524069599
-0.024947265848714
-0.229943986953753
-0.463920484345159
0.072192898669754
0.353634659499232
-0.353634659499232
-0.463920484345159
0.072192898669754
0.261771361553908
0.520695124794028
0.076445039724440
0.353634659499232
-0.463920484345159
0.072192898669754
0.031827374600155
-0.378581925347946
0.448502226124274
0.448502226124274
-0.031827374600155
0.378581925347946
-0.261771361553908
0.520695124794028
-0.076445039724440
-0.031827374600155
-0.378581925347946
0.448502226124274
0.353634659499232
0.463920484345159
-0.072192898669754
-0.076445039724440
0.261771361553908
0.520695124794028
0.024947265848714
0.229943986953753
-0.540365524069599
0.229943986953753
0.540365524069599
0.024947265848714
-0.024947265848714
0.229943986953753
0.540365524069599
0.540365524069599
0.024947265848714
-0.229943986953753
-0.495747858945314
0.091863297945324
0.302136885623507
0.024947265848714
0.229943986953753
0.540365524069599
-0.031827374600155
-0.378581925347946
-0.448502226124274
-0.448502226124274
0.031827374600155
0.378581925347946
0.495747858945314
0.091863297945324
-0.302136885623507
0.031827374600155
-0.378581925347946
-0.448502226124274
0.024947265848714
-0.229943986953753
-0.540365524069599
-0.302136885623507
-0.495747858945314
0.091863297945324
-0.463920484345159
-0.072192898669754
-0.353634659499232
-0.353634659499232
0.463920484345159
0.072192898669754
0.540365524069599
0.024947265848714
0.229943986953753
0.448502226124274
0.031827374600155
0.378581925347946
0.378581925347946
-0.448502226124274
-0.031827374600155
-0.540365524069599
0.024947265848714
-0.229943986953753
0.076445039724440
-0.261771361553908
-0.520695124794028
-0.353634659499232
-0.463920484345159
-0.072192898669754
0.302136885623507
0.495747858945314
-0.091863297945324
0.495747858945314
0.091863297945324
0.302136885623507
0.520695124794028
-0.076445039724440
0.261771361553908
-0.076445039724440
0.261771361553908
-0.520695124794028
0.261771361553908
0.520695124794028
-0.076445039724440
-0.302136885623507
-0.495747858945314
-0.091863297945324
-0.495747858945314
0.091863297945324
-0.302136885623507
0.261771361553908
-0.520695124794028
0.076445039724440
-0.448502226124274
0.031827374600155
-0.378581925347946
0.302136885623507
-0.495747858945314
-0.091863297945324
-0.091863297945324
-0.302136885623507
0.495747858945314
0.076445039724440
0.261771361553908
-0.520695124794028
-0.072192898669754
0.353634659499232
-0.463920484345159
0.091863297945324
-0.302136885623507
0.495747858945314
-0.229943986953753
-0.540365524069599
-0.024947265848714
-0.091863297945324
-0.302136885623507
-0.495747858945314
0.072192898669754
-0.353634659499232
-0.463920484345159
-0.378581925347946
-0.448502226124274
-0.031827374600155
-0.261771361553908
-0.520695124794028
0.076445039724440
0.076445039724440
0.261771361553908
0.520695124794028
0.229943986953753
0.540365524069599
-0.024947265848714
0.072192898669754
0.353634659499232
-0.463920484345159
-0.024947265848714
-0.229943986953753
0.540365524069599
0.448502226124274
0.031827374600155
-0.378581925347946
0.031827374600155
0.378581925347946
0.448502226124274
0.378581925347946
0.448502226124274
-0.031827374600155
-0.091863297945324
0.302136885623507
0.495747858945314
-0.076445039724440
-0.261771361553908
0.520695124794028
0.091863297945324
0.302136885623507
-0.495747858945314
-0.261771361553908
-0.520695124794028
-0.076445039724440
0.448502226124274
-0.031827374600155
-0.378581925347946
-0.495747858945314
-0.091863297945324
0.302136885623507
0.378581925347946
0.448502226124274
0.031827374600155
0.076445039724440
-0.261771361553908
0.520695124794028
-0.378581925347946
0.448502226124274
-0.031827374600155
-0.024947265848714
-0.229943986953753
-0.540365524069599
-0.540365524069599
0.024947265848714
0.229943986953753
0.520695124794028
-0.076445039724440
-0.261771361553908
0.540365524069599
-0.024947265848714
0.229943986953753
-0.378581925347946
0.448502226124274
0.031827374600155
0.540365524069599
-0.024947265848714
-0.229943986953753
0.302136885623507
-0.495747858945314
0.091863297945324
-0.448502226124274
-0.031827374600155
-0.378581925347946
-0.031827374600155
0.378581925347946
-0.448502226124274
0.378581925347946
-0.448502226124274
0.031827374600155
-0.520695124794028
0.076445039724440
-0.261771361553908
-0.302136885623507
0.495747858945314
0.091863297945324
0.495747858945314
-0.091863297945324
-0.302136885623507
-0.024947265848714
0.229943986953753
-0.540365524069599
0.302136885623507
0.495747858945314
0.091863297945324
0.091863297945324
-0.302136885623507
-0.495747858945314
-0.378581925347946
-0.448502226124274
0.031827374600155
-0.091863297945324
0.302136885623507
-0.495747858945314
-0.540365524069599
-0.024947265848714
0.229943986953753
0.091863297945324
0.302136885623507
0.495747858945314
-0.076445039724440
-0.261771361553908
-0.520695124794028
-0.072192898669754
-0.353634659499232
-0.463920484345159
-0.261771361553908
0.520695124794028
0.076445039724440
-0.229943986953753
0.540365524069599
-0.024947265848714
0.229943986953753
-0.540365524069599
-0.024947265848714
0.520695124794028
0.076445039724440
-0.261771361553908
-0.520695124794028
-0.076445039724440
-0.261771361553908
-0.364084238913399
0.084000559958330
-0.453737893187316
0.364084238913399
-0.084000559958330
-0.453737893187316
-0.453737893187316
-0.364084238913399
0.084000559958330
0.210997147687860
-0.271419283258666
-0.476763336630939
-0.364084238913399
-0.084000559958330
-0.453737893187316
-0.453737893187316
0.364084238913399
-0.084000559958330
0.523166185472987
-0.182318609928650
0.196337896657408
0.364084238913399
0.084000559958330
-0.453737893187316
0.453737893187316
0.364084238913399
0.084000559958330
0.084000559958330
-0.453737893187316
-0.364084238913399
-0.407335044345267
-0.392762776672609
-0.159081946559588
-0.453737893187316
0.364084238913399
0.084000559958330
-0.210997147687860
0.271419283258666
-0.476763336630939
-0.476763336630939
0.210997147687860
-0.271419283258666
0.407335044345267
-0.392762776672609
0.159081946559588
0.210997147687860
0.271419283258666
-0.476763336630939
-0.453737893187316
-0.364084238913399
-0.084000559958330
0.159081946559588
-0.407335044345267
-0.392762776672609
0.453737893187316
-0.364084238913399
-0.084000559958330
-0.084000559958330
-0.453737893187316
0.364084238913399
-0.046402848842049
0.112337336699078
-0.575081386601259
-0.523166185472987
0.182318609928650
0.196337896657408
0.196337896657408
0.523166185472987
-0.182318609928650
0.046402848842049
0.112337336699078
0.575081386601259
0.523166185472987
0.182318609928650
0.196337896657408
0.575081386601259
-0.046402848842049
0.112337336699078
0.084000559958330
0.453737893187316
0.364084238913399
0.271419283258666
0.476763336630939
0.210997147687860
0.453737893187316
-0.364084238913399
0.084000559958330
-0.084000559958330
0.453737893187316
-0.364084238913399
0.196337896657408
-0.523166185472987
0.182318609928650
0.084000559958330
0.453737893187316
-0.364084238913399
0.407335044345267
0.392762776672609
-0.159081946559588
-0.159081946559588
-0.407335044345267
-0.392762776672609
-0.196337896657408
-0.523166185472987
-0.182318609928650
-0.407335044345267
0.392762776672609
-0.159081946559588
0.084000559958330
-0.453737893187316
0.364084238913399
-0.182318609928650
0.196337896657408
-0.523166185472987
-0.476763336630939
-0.210997147687860
0.271419283258666
-0.210997147687860
-0.271419283258666
-0.476763336630939
0.476763336630939
-0.210997147687860
-0.271419283258666
-0.271419283258666
-0.476763336630939
0.210997147687860
0.046402848842049
-0.112337336699078
-0.575081386601259
-0.476763336630939
-0.210997147687860
-0.271419283258666
-0.407335044345267
0.392762776672609
0.159081946559588
0.159081946559588
0.407335044345267
-0.392762776672609
-0.046402848842049
-0.112337336699078
0.575081386601259
0.407335044345267
0.392762776672609
0.159081946559588
-0.476763336630939
0.210997147687860
0.271419283258666
0.575081386601259
0.046402848842049
-0.112337336699078
0.453737893187316
0.364084238913399
-0.084000559958330
-0.084000559958330
-0.453737893187316
-0.364084238913399
-0.271419283258666
-0.476763336630939
-0.210997147687860
-0.159081946559588
0.407335044345267
-0.392762776672609
-0.392762776672609
0.159081946559588
-0.407335044345267
0.271419283258666
-0.476763336630939
0.210997147687860
0.182318609928650
-0.196337896657408
0.523166185472987
-0.084000559958330
0.453737893187316
0.364084238913399
-0.575081386601259
-0.046402848842049
0.112337336699078
-0.046402848842049
-0.112337336699078
-0.575081386601259
-0.523166185472987
-0.182318609928650
0.196337896657408
-0.182318609928650
0.196337896657408
0.523166185472987
0.196337896657408
-0.523166185472987
-0.182318609928650
0.575081386601259
0.046402848842049
0.112337336699078
0.046402848842049
-0.112337336699078
0.575081386601259
0.196337896657408
0.523166185472987
0.182318609928650
0.159081946559588
0.407335044345267
0.392762776672609
-0.575081386601259
0.046402848842049
0.112337336699078
0.112337336699078
0.575081386601259
-0.046402848842049
0.182318609928650
0.196337896657408
0.523166185472987
0.364084238913399
0.084000559958330
0.453737893187316
-0.112337336699078
0.575081386601259
-0.046402848842049
0.210997147687860
0.271419283258666
0.476763336630939
0.112337336699078
0.575081386601259
0.046402848842049
-0.364084238913399
-0.084000559958330
0.453737893187316
0.392762776672609
0.159081946559588
-0.407335044345267
-0.196337896657408
0.523166185472987
0.182318609928650
0.182318609928650
0.196337896657408
-0.523166185472987
-0.210997147687860
-0.271419283258666
0.476763336630939
-0.364084238913399
0.084000559958330
0.453737893187316
0.476763336630939
0.210997147687860
-0.271419283258666
-0.159081946559588
0.407335044345267
0.392762776672609
0.407335044345267
-0.392762776672609
-0.159081946559588
-0.392762776672609
-0.159081946559588
-0.407335044345267
0.112337336699078
-0.575081386601259
-0.046402848842049
-0.182318609928650
-0.196337896657408
-0.523166185472987
-0.112337336699078
-0.575081386601259
0.046402848842049
-0.196337896657408
0.523166185472987
-0.182318609928650
-0.159081946559588
-0.407335044345267
0.392762776672609
0.046402848842049
0.112337336699078
-0.575081386601259
-0.392762776672609
-0.159081946559588
0.407335044345267
0.182318609928650
-0.196337896657408
-0.523166185472987
0.392762776672609
-0.159081946559588
-0.407335044345267
0.476763336630939
0.210997147687860
0.271419283258666
0.271419283258666
-0.476763336630939
-0.210997147687860
-0.523166185472987
-0.182318609928650
-0.196337896657408
-0.271419283258666
0.476763336630939
-0.210997147687860
0.392762776672609
-0.159081946559588
0.407335044345267
-0.271419283258666
0.476763336630939
0.210997147687860
-0.575081386601259
0.046402848842049
-0.112337336699078
0.159081946559588
-0.407335044345267
0.392762776672609
-0.407335044345267
-0.392762776672609
0.159081946559588
-0.392762776672609
0.159081946559588
0.407335044345267
0.523166185472987
0.182318609928650
-0.196337896657408
0.575081386601259
-0.046402848842049
-0.112337336699078
-0.046402848842049
0.112337336699078
0.575081386601259
0.476763336630939
-0.210997147687860
0.271419283258666
-0.575081386601259
-0.046402848842049
-0.112337336699078
-0.112337336699078
0.575081386601259
0.046402848842049
0.392762776672609
0.159081946559588
0.407335044345267
0.112337336699078
-0.575081386601259
0.046402848842049
0.271419283258666
0.476763336630939
-0.210997147687860
-0.112337336699078
-0.575081386601259
-0.046402848842049
-0.182318609928650
-0.196337896657408
0.523166185472987
0.364084238913399
-0.084000559958330
0.453737893187316
-0.196337896657408
-0.523166185472987
0.182318609928650
0.210997147687860
-0.271419283258666
0.476763336630939
-0.210997147687860
0.271419283258666
0.476763336630939
-0.523166185472987
0.182318609928650
-0.196337896657408
0.523166185472987
-0.182318609928650
-0.196337896657408
-0.583447579014429
0.051573440109810
0.049199650709813
0.583447579014429
-0.051573440109810
0.049199650709813
0.049199650709813
-0.583447579014429
0.051573440109810
-0.315590073596455
-0.113971602380258
-0.482602198617854
-0.583447579014429
-0.051573440109810
0.049199650709813
0.049199650709813
0.583447579014429
-0.051573440109810
0.235983366513355
0.163171253090070
0.513009254991142
0.583447579014429
0.051573440109810
0.049199650709813
-0.049199650709813
0.583447579014429
0.051573440109810
0.051573440109810
0.049199650709813
-0.583447579014429
-0.197419181394687
-0.431028758508045
0.347464212501074
0.049199650709813
0.583447579014429
0.051573440109810
0.315590073596455
0.113971602380258
-0.482602198617854
-0.482602198617854
-0.315590073596455
-0.113971602380258
0.197419181394687
-0.431028758508045
-0.347464212501074
-0.315590073596455
0.113971602380258
-0.482602198617854
0.049199650709813
-0.583447579014429
-0.051573440109810
-0.347464212501074
-0.197419181394687
-0.431028758508045
-0.049199650709813
-0.583447579014429
-0.051573440109810
-0.051573440109810
0.049199650709813
0.583447579014429
0.246618832104499
0.461435814881332
-0.267857505417974
-0.235983366513355
-0.163171253090070
0.513009254991142
0.513009254991142
0.235983366513355
0.163171253090070
-0.246618832104499
0.461435814881332
0.267857505417974
0.235983366513355
-0.163171253090070
0.513009254991142
0.267857505417974
0.246618832104499
0.461435814881332
0.051573440109810
-0.049199650709813
0.583447579014429
0.113971602380258
0.482602198617854
-0.315590073596455
-0.049199650709813
-0.583447579014429
0.051573440109810
-0.051573440109810
-0.049199650709813
-0.583447579014429
0.513009254991142
-0.235983366513355
-0.163171253090070
0.051573440109810
-0.049199650709813
-0.583447579014429
0.197419181394687
0.431028758508045
0.347464212501074
0.347464212501074
-0.197419181394687
-0.431028758508045
-0.513009254991142
-0.235983366513355
0.163171253090070
-0.197419181394687
0.431028758508045
0.347464212501074
0.051573440109810
0.049199650709813
0.583447579014429
0.163171253090070
0.513009254991142
-0.235983366513355
-0.482602198617854
0.315590073596455
0.113971602380258
0.315590073596455
-0.113971602380258
-0.482602198617854
0.482602198617854
0.315590073596455
-0.113971602380258
-0.113971602380258
-0.482602198617854
-0.315590073596455
-0.246618832104499
-0.461435814881332
-0.267857505417974
-0.482602198617854
0.315590073596455
-0.113971602380258
-0.197419181394687
0.431028758508045
-0.347464212501074
-0.347464212501074
0.197419181394687
-0.431028758508045
0.246618832104499
-0.461435814881332
0.267857505417974
0.197419181394687
0.431028758508045
-0.347464212501074
-0.482602198617854
-0.315590073596455
0.113971602380258
0.267857505417974
-0.246618832104499
-0.461435814881332
-0.049199650709813
0.583447579014429
-0.051573440109810
-0.051573440109810
0.049199650709813
-0.583447579014429
-0.113971602380258
-0.482602198617854
0.315590073596455
0.347464212501074
0.197419181394687
-0.431028758508045
-0.431028758508045
-0.347464212501074
-0.197419181394687
0.113971602380258
-0.482602198617854
-0.315590073596455
-0.163171253090070
-0.513009254991142
0.235983366513355
-0.051573440109810
-0.049199650709813
0.583447579014429
-0.267857505417974
0.246618832104499
0.461435814881332
0.246618832104499
-0.461435814881332
-0.267857505417974
-0.235983366513355
0.163171253090070
0.513009254991142
0.163171253090070
0.513009254991142
0.235983366513355
0.513009254991142
-0.235983366513355
0.163171253090070
0.267857505417974
-0.246618832104499
0.461435814881332
-0.246618832104499
-0.461435814881332
0.267857505417974
0.513009254991142
0.235983366513355
-0.163171253090070
-0.347464212501074
0.197419181394687
0.431028758508045
-0.267857505417974
-0.246618832104499
0.461435814881332
0.461435814881332
0.267857505417974
0.246618832104499
-0.163171253090070
0.513009254991142
0.235983366513355
0.583447579014429
0.051573440109810
-0.049199650709813
-0.461435814881332
0.267857505417974
0.246618832104499
-0.315590073596455
0.113971602380258
0.482602198617854
0.461435814881332
0.267857505417974
-0.246618832104499
-0.583447579014429
-0.051573440109810
-0.049199650709813
0.431028758508045
-0.347464212501074
-0.197419181394687
-0.513009254991142
0.235983366513355
-0.163171253090070
-0.163171253090070
0.513009254991142
-0.235983366513355
0.315590073596455
-0.113971602380258
0.482602198617854
-0.583447579014429
0.051573440109810
-0.049199650709813
0.482602198617854
-0.315590073596455
-0.113971602380258
0.347464212501074
0.197419181394687
0.431028758508045
0.197419181394687
-0.431028758508045
0.347464212501074
-0.431028758508045
0.347464212501074
-0.197419181394687
0.461435814881332
-0.267857505417974
0.246618832104499
0.163171253090070
-0.513009254991142
-0.235983366513355
-0.461435814881332
-0.267857505417974
-0.246618832104499
-0.513009254991142
0.235983366513355
0.163171253090070
0.347464212501074
-0.197419181394687
0.431028758508045
-0.246618832104499
0.461435814881332
-0.267857505417974
-0.431028758508045
0.347464212501074
0.197419181394687
-0.163171253090070
-0.513009254991142
-0.235983366513355
0.431028758508045
0.347464212501074
-0.197419181394687
0.482602198617854
-0.315590073596455
0.113971602380258
0.113971602380258
-0.482602198617854
0.315590073596455
-0.235983366513355
0.163171253090070
-0.513009254991142
-0.113971602380258
0.482602198617854
0.315590073596455
0.431028758508045
0.347464212501074
0.197419181394687
-0.113971602380258
0.482602198617854
-0.315590073596455
-0.267857505417974
-0.246618832104499
-0.461435814881332
-0.347464212501074
-0.197419181394687
0.431028758508045
-0.197419181394687
-0.431028758508045
-0.347464212501074
-0.431028758508045
-0.347464212501074
0.197419181394687
0.235983366513355
-0.163171253090070
-0.513009254991142
0.267857505417974
0.246618832104499
-0.461435814881332
0.246618832104499
0.461435814881332
0.267857505417974
0.482602198617854
0.315590073596455
0.113971602380258
-0.267857505417974
0.246618832104499
-0.461435814881332
-0.461435814881332
0.267857505417974
-0.246618832104499
0.431028758508045
-0.347464212501074
0.197419181394687
0.461435814881332
-0.267857505417974
-0.246618832104499
0.113971602380258
0.482602198617854
0.315590073596455
-0.461435814881332
-0.267857505417974
0.246618832104499
0.163171253090070
-0.513009254991142
0.235983366513355
0.583447579014429
-0.051573440109810
-0.049199650709813
-0.513009254991142
-0.235983366513355
-0.163171253090070
-0.315590073596455
-0.113971602380258
0.482602198617854
0.315590073596455
0.113971602380258
0.482602198617854
-0.235983366513355
-0.163171253090070
-0.513009254991142
0.235983366513355
0.163171253090070
-0.513009254991142
-0.437601837729552
-0.038564185118668
0.390523927633606
0.437601837729552
0.038564185118668
0.390523927633606
0.390523927633606
-0.437601837729552
-0.038564185118668
-0.546658401606306
0.028836478053440
-0.214066700584745
-0.437601837729552
0.038564185118668
0.390523927633606
0.390523927633606
0.437601837729552
0.038564185118668
-0.085222586724974
0.361687449580167
0.455423761282418
0.437601837729552
-0.038564185118668
0.390523927633606
-0.390523927633606
0.437601837729552
-0.038564185118668
-0.038564185118668
0.390523927633606
-0.437601837729552
0.091234640323888
-0.252630885703413
0.522824424454526
0.390523927633606
0.437601837729552
-0.038564185118668
0.546658401606306
-0.028836478053440
-0.214066700584745
-0.214066700584745
-0.546658401606306
0.028836478053440
-0.091234640323888
-0.252630885703413
-0.522824424454526
-0.546658401606306
-0.028836478053440
-0.214066700584745
0.390523927633606
-0.437601837729552
0.038564185118668
-0.522824424454526
0.091234640323888
-0.252630885703413
-0.390523927633606
-0.437601837729552
0.038564185118668
0.038564185118668
0.390523927633606
0.437601837729552
0.299289287309719
0.493987946401086
0.109056563876754
0.085222586724974
-0.361687449580167
0.455423761282418
0.455423761282418
-0.085222586724974
0.361687449580167
-0.299289287309719
0.493987946401086
-0.109056563876754
-0.085222586724974
-0.361687449580167
0.455423761282418
-0.109056563876754
0.299289287309719
0.493987946401086
-0.038564185118668
-0.390523927633606
0.437601837729552
-0.028836478053440
0.214066700584745
-0.546658401606306
-0.390523927633606
-0.437601837729552
-0.038564185118668
0.038564185118668
-0.390523927633606
-0.437601837729552
0.455423761282418
0.085222586724974
-0.361687449580167
-0.038564185118668
-0.390523927633606
-0.437601837729552
-0.091234640323888
0.252630885703413
0.522824424454526
0.522824424454526
0.091234640323888
-0.252630885703413
-0.455423761282418
0.085222586724974
0.361687449580167
0.091234640323888
0.252630885703413
0.522824424454526
-0.038564185118668
0.390523927633606
0.437601837729552
0.361687449580167
0.455423761282418
0.085222586724974
-0.214066700584745
0.546658401606306
-0.028836478053440
0.546658401606306
0.028836478053440
-0.214066700584745
0.214066700584745
0.546658401606306
0.028836478053440
0.028836478053440
-0.214066700584745
-0.546658401606306
-0.299289287309719
-0.493987946401086
0.109056563876754
-0.214066700584745
0.546658401606306
0.028836478053440
0.091234640323888
0.252630885703413
-0.522824424454526
-0.522824424454526
-0.091234640323888
-0.252630885703413
0.299289287309719
-0.493987946401086
-0.109056563876754
-0.091234640323888
0.252630885703413
-0.522824424454526
-0.214066700584745
-0.546658401606306
-0.028836478053440
-0.109056563876754
-0.299289287309719
-0.493987946401086
-0.390523927633606
0.437601837729552
0.038564185118668
0.038564185118668
0.390523927633606
-0.437601837729552
0.028836478053440
-0.214066700584745
0.546658401606306
0.522824424454526
-0.091234640323888
-0.252630885703413
-0.252630885703413
-0.522824424454526
0.091234640323888
-0.028836478053440
-0.214066700584745
-0.546658401606306
-0.361687449580167
-0.455423761282418
-0.085222586724974
0.038564185118668
-0.390523927633606
0.437601837729552
0.109056563876754
0.299289287309719
0.493987946401086
0.299289287309719
-0.493987946401086
0.109056563876754
0.085222586724974
0.361687449580167
0.455423761282418
0.361687449580167
0.455423761282418
-0.085222586724974
0.455423761282418
0.085222586724974
0.361687449580167
-0.109056563876754
-0.299289287309719
0.493987946401086
-0.299289287309719
-0.493987946401086
-0.109056563876754
0.455423761282418
-0.085222586724974
-0.361687449580167
-0.522824424454526
-0.091234640323888
0.252630885703413
0.109056563876754
-0.299289287309719
0.493987946401086
0.493987946401086
-0.109056563876754
0.299289287309719
-0.361687449580167
0.455423761282418
-0.085222586724974
0.437601837729552
-0.038564185118668
-0.390523927633606
-0.493987946401086
-0.109056563876754
0.299289287309719
-0.546658401606306
-0.028836478053440
0.214066700584745
0.493987946401086
-0.109056563876754
-0.299289287309719
-0.437601837729552
0.038564185118668
-0.390523927633606
0.252630885703413
-0.522824424454526
0.091234640323888
-0.455423761282418
-0.085222586724974
-0.361687449580167
-0.361687449580167
0.455423761282418
0.085222586724974
0.546658401606306
0.028836478053440
0.214066700584745
-0.437601837729552
-0.038564185118668
-0.390523927633606
0.214066700584745
-0.546658401606306
0.028836478053440
0.522824424454526
-0.091234640323888
0.252630885703413
-0.091234640323888
-0.252630885703413
0.522824424454526
-0.252630885703413
0.522824424454526
0.091234640323888
0.493987946401086
0.109056563876754
0.299289287309719
0.361687449580167
-0.455423761282418
0.085222586724974
-0.493987946401086
0.109056563876754
-0.299289287309719
-0.455423761282418
-0.085222586724974
0.361687449580167
0.522824424454526
0.091234640323888
0.252630885703413
-0.299289287309719
0.493987946401086
0.109056563876754
-0.252630885703413
0.522824424454526
-0.091234640323888
-0.361687449580167
-0.455423761282418
0.085222586724974
0.252630885703413
0.522824424454526
0.091234640323888
0.214066700584745
-0.546658401606306
-0.028836478053440
-0.028836478053440
-0.214066700584745
0.546658401606306
0.085222586724974
0.361687449580167
-0.455423761282418
0.028836478053440
0.214066700584745
0.546658401606306
0.252630885703413
0.522824424454526
-0.091234640323888
0.028836478053440
0.214066700584745
-0.546658401606306
0.109056563876754
-0.299289287309719
-0.493987946401086
-0.522824424454526
0.091234640323888
0.252630885703413
0.091234640323888
-0.252630885703413
-0.522824424454526
-0.252630885703413
-0.522824424454526
-0.091234640323888
-0.085222586724974
-0.361687449580167
-0.455423761282418
-0.109056563876754
0.299289287309719
-0.493987946401086
0.299289287309719
0.493987946401086
-0.109056563876754
0.214066700584745
0.546658401606306
-0.028836478053440
0.109056563876754
0.299289287309719
-0.493987946401086
-0.493987946401086
-0.109056563876754
-0.299289287309719
0.252630885703413
-0.522824424454526
-0.091234640323888
0.493987946401086
0.109056563876754
-0.299289287309719
-0.028836478053440
0.214066700584745
0.546658401606306
-0.493987946401086
0.109056563876754
0.299289287309719
0.361687449580167
-0.455423761282418
-0.085222586724974
0.437601837729552
0.038564185118668
-0.390523927633606
-0.455423761282418
0.085222586724974
-0.361687449580167
-0.546658401606306
0.028836478053440
0.214066700584745
0.546658401606306
-0.028836478053440
0.214066700584745
0.085222586724974
-0.361687449580167
-0.455423761282418
-0.085222586724974
0.361687449580167
-0.455423761282418
0.309016994374947
0.500000000000000
0.000000000000000
-0.309016994374947
-0.500000000000000
0.000000000000000
0.000000000000000
0.309016994374947
0.500000000000000
0.309016994374947
-0.500000000000000
0.000000000000000
0.000000000000000
-0.309016994374947
-0.500000000000000
-0.309016994374947
0.500000000000000
0.000000000000000
0.000000000000000
-0.309016994374947
0.500000000000000
0.500000000000000
0.000000000000000
0.309016994374947
0.000000000000000
0.309016994374947
-0.500000000000000
-0.500000000000000
0.000000000000000
-0.309016994374947
0.500000000000000
0.000000000000000
-0.309016994374947
-0.500000000000000
0.000000000000000
0.309016994374947
