# H231: 938 edges (0-based indices into H231_vertices.txt)
0 2
0 3
0 7
0 9
0 11
0 15
0 28
0 58
0 73
0 78
0 79
0 109
0 114
0 122
0 128
0 146
0 166
0 185
0 188
0 211
0 220
0 227
1 4
1 5
1 6
1 8
1 10
1 38
1 69
1 95
1 96
1 103
1 107
1 138
1 140
1 152
1 155
1 170
1 177
1 180
1 200
1 207
1 225
2 5
2 7
2 8
2 9
2 21
2 22
2 24
2 25
2 26
2 59
2 76
2 83
2 97
2 108
2 111
2 126
2 142
2 143
2 164
2 186
2 189
2 208
2 212
2 222
3 4
3 6
3 7
3 11
3 12
3 23
3 60
3 77
3 86
3 89
3 118
3 127
3 134
3 145
3 167
3 175
3 176
3 203
3 221
3 228
4 6
4 10
4 11
4 17
4 20
4 29
4 30
4 31
4 40
4 80
4 88
4 98
4 101
4 139
4 141
4 154
4 156
4 158
4 172
4 190
4 191
4 198
4 229
5 8
5 9
5 10
5 13
5 19
5 56
5 71
5 94
5 105
5 120
5 121
5 132
5 153
5 163
5 183
5 192
5 196
5 199
5 230
6 7
6 8
6 16
6 35
6 37
6 41
6 42
6 45
6 47
6 50
6 92
6 106
6 112
6 116
6 124
6 149
6 162
6 187
6 205
6 210
6 214
6 217
7 8
7 43
7 48
7 51
7 74
7 84
7 85
7 87
7 90
7 115
7 129
7 130
7 131
7 144
7 174
7 184
7 206
7 224
7 226
8 18
8 36
8 44
8 49
8 52
8 53
8 91
8 93
8 104
8 117
8 123
8 125
8 150
8 151
8 173
8 204
8 209
8 213
8 223
9 10
9 11
9 14
9 34
9 46
9 54
9 57
9 61
9 63
9 66
9 72
9 110
9 135
9 136
9 148
9 160
9 161
9 171
9 181
9 197
9 215
9 218
10 11
10 32
10 62
10 64
10 67
10 70
10 81
10 82
10 99
10 119
10 137
10 157
10 165
10 169
10 178
10 194
10 195
10 201
10 202
11 27
11 33
11 39
11 55
11 65
11 68
11 75
11 100
11 102
11 113
11 133
11 147
11 159
11 168
11 179
11 182
11 193
11 216
11 219
12 72
12 108
12 111
12 171
13 19
13 23
13 56
13 60
13 92
13 101
13 112
13 172
14 42
14 45
14 57
14 72
14 84
14 104
14 173
15 28
15 38
15 78
15 104
15 105
16 37
16 46
16 63
16 92
16 99
16 102
16 113
17 40
17 44
17 74
17 76
17 83
17 101
17 174
18 39
18 44
18 78
18 104
18 114
18 175
19 23
19 41
19 86
19 105
20 21
20 22
20 31
20 80
20 90
20 91
20 115
21 22
21 35
21 80
21 108
22 31
22 41
22 59
22 116
22 177
23 60
23 86
23 91
23 107
23 117
24 25
24 29
24 30
24 81
24 97
24 100
24 178
25 30
25 40
25 76
25 77
25 118
25 179
26 59
26 65
26 70
26 88
26 98
26 108
26 119
27 49
27 56
27 65
27 93
27 95
27 102
27 120
27 180
28 70
28 71
28 96
28 109
28 121
29 30
29 54
29 56
29 97
29 101
30 40
30 61
30 109
30 122
30 181
31 59
31 88
31 93
31 94
31 123
31 183
32 70
32 85
32 87
32 99
32 109
33 36
33 37
33 43
33 75
33 91
33 102
33 124
33 184
34 35
34 41
34 51
34 52
34 66
34 110
34 125
35 37
35 41
35 66
35 78
35 126
36 52
36 75
36 79
36 86
36 91
36 127
36 185
37 46
37 66
37 73
37 128
38 48
38 78
38 83
38 107
38 129
38 186
39 44
39 68
39 85
39 106
39 130
39 187
40 43
40 73
40 76
41 92
41 110
41 132
42 45
42 72
42 76
42 79
42 106
42 189
43 67
43 74
43 133
43 190
44 68
44 191
45 50
45 57
45 83
45 192
46 63
46 66
46 89
46 98
46 134
47 50
47 54
47 61
47 67
47 68
47 106
47 193
48 51
48 62
48 64
48 90
49 52
49 65
49 82
49 93
49 110
49 135
49 194
50 54
50 57
50 94
50 195
51 64
51 70
51 87
51 136
51 196
52 65
52 75
53 55
53 57
53 64
53 100
53 104
53 137
53 197
54 57
54 61
54 95
54 198
55 68
55 96
55 100
55 138
55 199
56 60
56 71
56 89
57 69
57 200
58 95
58 98
58 139
58 201
59 64
59 69
59 88
60 67
60 89
60 103
60 140
60 202
61 72
61 106
61 203
62 64
62 90
62 92
62 99
63 88
63 92
63 96
63 110
63 141
64 70
64 142
64 204
65 71
65 75
65 143
66 77
66 87
66 144
67 74
67 145
67 205
68 103
69 95
70 87
70 146
71 77
71 89
71 105
71 147
72 106
72 206
73 78
73 103
73 107
73 109
74 207
75 108
76 83
76 86
77 86
77 89
77 105
77 148
77 208
78 107
78 149
78 209
79 150
79 210
80 85
80 98
80 108
81 82
81 84
81 211
82 84
82 97
82 151
82 212
83 97
83 101
83 152
83 214
84 105
84 153
84 215
85 87
85 90
85 99
85 154
85 216
86 105
88 98
90 99
90 107
90 155
91 93
91 102
91 156
92 110
92 157
93 102
94 158
94 217
95 159
95 218
96 103
96 109
96 160
96 219
97 101
98 108
98 161
98 220
99 162
99 221
100 104
100 222
101 163
101 223
103 107
103 109
105 166
105 226
106 227
107 167
108 168
108 228
109 169
109 229
110 170
111 126
111 139
111 143
111 154
111 171
112 116
112 135
112 160
112 162
112 172
112 192
113 117
113 123
113 133
113 159
113 187
114 128
114 152
114 155
114 166
114 175
115 129
115 130
115 157
115 165
115 190
116 135
116 136
116 149
116 177
116 189
117 123
117 133
117 150
117 175
118 121
118 127
118 134
118 153
118 179
119 131
119 137
119 144
119 169
119 212
120 121
120 134
120 145
120 163
120 180
120 182
121 134
121 153
121 188
122 128
122 138
122 140
122 146
122 181
123 151
123 159
123 183
123 191
124 148
124 149
124 161
124 162
124 184
124 193
125 147
125 150
125 151
125 168
125 197
126 154
126 156
126 164
126 214
127 132
127 153
127 167
127 185
127 213
128 140
128 155
128 210
129 131
129 137
129 157
129 186
129 207
130 144
130 165
130 169
130 187
131 137
131 144
131 188
132 153
132 163
132 167
132 217
133 150
133 168
133 190
134 145
134 171
135 136
135 160
135 173
135 194
136 148
136 149
136 196
136 206
137 157
137 197
138 140
138 146
138 170
138 199
139 141
139 143
139 154
139 201
140 155
140 176
140 202
141 142
141 143
141 158
141 181
142 143
142 158
142 164
142 178
142 204
143 179
144 169
144 215
145 163
145 167
145 205
146 166
146 170
146 201
147 151
147 159
147 168
147 199
148 149
148 161
148 203
148 208
149 209
149 227
150 168
150 210
151 159
151 212
152 155
152 166
152 170
152 214
153 215
154 156
154 174
154 216
155 224
156 158
156 164
156 223
157 165
157 205
158 164
158 217
159 218
160 161
160 162
160 200
160 219
161 162
161 198
161 220
162 195
162 221
163 167
163 223
164 224
165 169
165 225
166 170
166 226
166 230
167 225
168 222
168 228
169 211
169 229
170 218
171 181
171 187
171 210
171 215
172 186
172 191
172 198
172 212
173 179
173 182
173 204
173 209
174 184
174 195
174 202
174 224
175 176
175 192
175 196
175 228
176 183
176 192
176 221
177 185
177 188
177 200
177 207
178 194
178 201
178 206
178 226
179 182
179 209
179 216
180 200
180 211
180 220
180 225
181 187
181 205
181 218
182 204
182 219
183 192
183 199
183 221
184 201
184 202
184 206
185 188
185 207
185 227
186 189
186 191
186 212
187 205
187 210
188 200
188 211
189 190
189 191
189 208
190 191
190 208
190 229
192 196
193 213
193 216
193 219
193 223
194 195
194 224
194 226
195 202
195 224
196 228
196 230
197 214
197 215
197 217
197 218
198 212
198 222
198 229
199 203
199 221
199 230
200 211
201 202
201 206
203 221
203 228
203 230
204 219
204 223
205 217
205 218
206 226
207 225
207 227
208 222
208 229
209 213
209 216
210 214
210 215
211 220
212 222
213 216
213 223
214 215
214 217
217 218
219 223
220 225
220 227
222 229
224 226
225 227
228 230
