# H231: 231 vertices. columns: index, index in parent graph, x, y, z (30 significant digits)
0 0 0.809016994374947424102293417183 0.5 0.0
1 1 -0.809016994374947424102293417183 -0.5 0.0
2 2 0.0 0.809016994374947424102293417183 0.5
3 3 0.809016994374947424102293417183 -0.5 0.0
4 4 0.0 -0.809016994374947424102293417183 -0.5
5 5 -0.809016994374947424102293417183 0.5 0.0
6 6 0.0 -0.809016994374947424102293417183 0.5
7 7 0.5 0.0 0.809016994374947424102293417183
8 8 -0.5 -4.85091810239076226881236850196e-63 0.809016994374947424102293417183
9 9 0.0 0.809016994374947424102293417183 -0.5
10 10 -0.5 0.0 -0.809016994374947424102293417183
11 11 0.5 4.85091810239076226881236850196e-63 -0.809016994374947424102293417183
12 12 0.715841708295289626539784566745 0.349239220211618741123513188626 0.519722149728425234942225410929
13 13 -0.715841708295289626539784566745 -0.349239220211618741123513188626 0.519722149728425234942225410929
14 14 0.519722149728425234942225410929 0.715841708295289626539784566745 0.349239220211618741123513188626
15 15 0.235983366513354993183413161942 0.427187886576715278411682880813 0.816290914734824621121050075565
16 17 0.519722149728425234942225410929 -0.715841708295289626539784566745 -0.349239220211618741123513188626
17 20 -0.519722149728425234942225410929 -0.715841708295289626539784566745 0.349239220211618741123513188626
18 21 0.349239220211618741123513188626 0.519722149728425234942225410929 0.715841708295289626539784566745
19 22 -0.211346178281425651871898314067 0.467051694523205879997536886939 0.801064295020263360846710917314
20 23 0.519722149728425234942225410929 -0.715841708295289626539784566745 0.349239220211618741123513188626
21 25 0.816290914734824621121050075565 0.235983366513354993183413161942 0.427187886576715278411682880813
22 26 0.024637188231929341311514847875 -0.0852225867249737343069263505683 0.946910036305140513353908291742
23 27 0.235983366513354993183413161942 -0.427187886576715278411682880813 0.816290914734824621121050075565
24 28 0.519722149728425234942225410929 0.715841708295289626539784566745 -0.349239220211618741123513188626
25 29 0.801064295020263360846710917314 0.211346178281425651871898314067 0.467051694523205879997536886939
26 30 -0.519722149728425234942225410929 0.715841708295289626539784566745 -0.349239220211618741123513188626
27 31 -0.349239220211618741123513188626 0.519722149728425234942225410929 -0.715841708295289626539784566745
28 33 -0.0852225867249737343069263505683 0.946910036305140513353908291742 0.024637188231929341311514847875
29 34 0.024637188231929341311514847875 0.0852225867249737343069263505683 -0.946910036305140513353908291742
30 35 0.816290914734824621121050075565 -0.235983366513354993183413161942 -0.427187886576715278411682880813
31 37 -0.479858341781934633356371404803 -0.731068328009850886814123724996 0.373876408443548082435028036501
32 38 0.349239220211618741123513188626 -0.519722149728425234942225410929 -0.715841708295289626539784566745
33 39 0.427187886576715278411682880813 -0.816290914734824621121050075565 -0.235983366513354993183413161942
34 40 -0.519722149728425234942225410929 0.715841708295289626539784566745 0.349239220211618741123513188626
35 42 -0.024637188231929341311514847875 0.0852225867249737343069263505683 0.946910036305140513353908291742
36 43 0.349239220211618741123513188626 -0.519722149728425234942225410929 0.715841708295289626539784566745
37 45 0.801064295020263360846710917314 -0.211346178281425651871898314067 0.467051694523205879997536886939
38 46 -0.211346178281425651871898314067 -0.467051694523205879997536886939 0.801064295020263360846710917314
39 48 0.946910036305140513353908291742 0.024637188231929341311514847875 0.0852225867249737343069263505683
40 49 0.479858341781934633356371404803 -0.731068328009850886814123724996 0.373876408443548082435028036501
41 51 -0.816290914734824621121050075565 -0.235983366513354993183413161942 0.427187886576715278411682880813
42 53 0.816290914734824621121050075565 -0.235983366513354993183413161942 0.427187886576715278411682880813
43 54 0.946910036305140513353908291742 0.024637188231929341311514847875 -0.0852225867249737343069263505683
44 55 0.373876408443548082435028036501 -0.479858341781934633356371404803 0.731068328009850886814123724996
45 56 0.024637188231929341311514847875 0.0852225867249737343069263505683 0.946910036305140513353908291742
46 57 0.816290914734824621121050075565 0.235983366513354993183413161942 -0.427187886576715278411682880813
47 58 -0.519722149728425234942225410929 -0.715841708295289626539784566745 -0.349239220211618741123513188626
48 59 -0.349239220211618741123513188626 0.519722149728425234942225410929 0.715841708295289626539784566745
49 60 -0.427187886576715278411682880813 0.816290914734824621121050075565 0.235983366513354993183413161942
50 61 -0.801064295020263360846710917314 -0.211346178281425651871898314067 0.467051694523205879997536886939
51 62 0.467051694523205879997536886939 0.801064295020263360846710917314 0.211346178281425651871898314067
52 63 0.373876408443548082435028036501 0.479858341781934633356371404803 0.731068328009850886814123724996
53 64 -0.946910036305140513353908291742 -0.024637188231929341311514847875 -0.0852225867249737343069263505683
54 65 -0.816290914734824621121050075565 0.235983366513354993183413161942 -0.427187886576715278411682880813
55 66 -0.349239220211618741123513188626 -0.519722149728425234942225410929 -0.715841708295289626539784566745
56 67 -0.731068328009850886814123724996 -0.373876408443548082435028036501 -0.479858341781934633356371404803
57 68 -0.479858341781934633356371404803 0.731068328009850886814123724996 0.373876408443548082435028036501
58 69 0.731068328009850886814123724996 -0.373876408443548082435028036501 -0.479858341781934633356371404803
59 70 -0.801064295020263360846710917314 0.211346178281425651871898314067 0.467051694523205879997536886939
60 71 -0.0852225867249737343069263505683 -0.946910036305140513353908291742 0.024637188231929341311514847875
61 72 -0.024637188231929341311514847875 -0.0852225867249737343069263505683 -0.946910036305140513353908291742
62 73 -0.946910036305140513353908291742 0.024637188231929341311514847875 0.0852225867249737343069263505683
63 74 0.024637188231929341311514847875 -0.0852225867249737343069263505683 -0.946910036305140513353908291742
64 75 -0.427187886576715278411682880813 0.816290914734824621121050075565 -0.235983366513354993183413161942
65 76 0.467051694523205879997536886939 0.801064295020263360846710917314 -0.211346178281425651871898314067
66 77 0.479858341781934633356371404803 0.731068328009850886814123724996 0.373876408443548082435028036501
67 78 0.373876408443548082435028036501 -0.479858341781934633356371404803 -0.731068328009850886814123724996
68 79 0.467051694523205879997536886939 -0.801064295020263360846710917314 -0.211346178281425651871898314067
69 80 -0.715841708295289626539784566745 0.349239220211618741123513188626 -0.519722149728425234942225410929
70 81 0.373876408443548082435028036501 0.479858341781934633356371404803 -0.731068328009850886814123724996
71 82 -0.235983366513354993183413161942 0.427187886576715278411682880813 -0.816290914734824621121050075565
72 83 0.801064295020263360846710917314 0.211346178281425651871898314067 -0.467051694523205879997536886939
73 86 0.715841708295289626539784566745 -0.349239220211618741123513188626 -0.519722149728425234942225410929
74 87 0.467051694523205879997536886939 -0.801064295020263360846710917314 0.211346178281425651871898314067
75 88 0.946910036305140513353908291742 -0.024637188231929341311514847875 0.0852225867249737343069263505683
76 89 -0.024637188231929341311514847875 -0.0852225867249737343069263505683 0.946910036305140513353908291742
77 90 0.715841708295289626539784566745 0.349239220211618741123513188626 -0.519722149728425234942225410929
78 91 0.731068328009850886814123724996 -0.373876408443548082435028036501 0.479858341781934633356371404803
79 92 0.211346178281425651871898314067 0.467051694523205879997536886939 0.801064295020263360846710917314
80 93 0.801064295020263360846710917314 -0.211346178281425651871898314067 -0.467051694523205879997536886939
81 94 -0.467051694523205879997536886939 0.801064295020263360846710917314 -0.211346178281425651871898314067
82 95 -0.946910036305140513353908291742 -0.024637188231929341311514847875 0.0852225867249737343069263505683
83 97 -0.816290914734824621121050075565 0.235983366513354993183413161942 0.427187886576715278411682880813
84 99 -0.373876408443548082435028036501 0.479858341781934633356371404803 0.731068328009850886814123724996
85 100 0.427187886576715278411682880813 -0.816290914734824621121050075565 0.235983366513354993183413161942
86 101 0.731068328009850886814123724996 0.373876408443548082435028036501 0.479858341781934633356371404803
87 102 0.946910036305140513353908291742 -0.024637188231929341311514847875 -0.0852225867249737343069263505683
88 103 -0.816290914734824621121050075565 -0.235983366513354993183413161942 -0.427187886576715278411682880813
89 104 0.211346178281425651871898314067 -0.467051694523205879997536886939 -0.801064295020263360846710917314
90 105 -0.373876408443548082435028036501 -0.479858341781934633356371404803 0.731068328009850886814123724996
91 106 -0.467051694523205879997536886939 -0.801064295020263360846710917314 0.211346178281425651871898314067
92 107 -0.479858341781934633356371404803 -0.731068328009850886814123724996 -0.373876408443548082435028036501
93 108 -0.946910036305140513353908291742 0.024637188231929341311514847875 -0.0852225867249737343069263505683
94 109 -0.715841708295289626539784566745 -0.349239220211618741123513188626 -0.519722149728425234942225410929
95 110 -0.211346178281425651871898314067 -0.467051694523205879997536886939 -0.801064295020263360846710917314
96 111 -0.731068328009850886814123724996 0.373876408443548082435028036501 -0.479858341781934633356371404803
97 112 -0.479858341781934633356371404803 0.731068328009850886814123724996 -0.373876408443548082435028036501
98 113 -0.024637188231929341311514847875 0.0852225867249737343069263505683 -0.946910036305140513353908291742
99 114 -0.467051694523205879997536886939 -0.801064295020263360846710917314 -0.211346178281425651871898314067
100 117 -0.373876408443548082435028036501 0.479858341781934633356371404803 -0.731068328009850886814123724996
101 118 -0.801064295020263360846710917314 -0.211346178281425651871898314067 -0.467051694523205879997536886939
102 119 -0.373876408443548082435028036501 -0.479858341781934633356371404803 -0.731068328009850886814123724996
103 122 -0.235983366513354993183413161942 -0.427187886576715278411682880813 -0.816290914734824621121050075565
104 123 -0.467051694523205879997536886939 0.801064295020263360846710917314 0.211346178281425651871898314067
105 124 0.0852225867249737343069263505683 0.946910036305140513353908291742 -0.024637188231929341311514847875
106 125 0.479858341781934633356371404803 -0.731068328009850886814123724996 -0.373876408443548082435028036501
107 126 0.0852225867249737343069263505683 -0.946910036305140513353908291742 -0.024637188231929341311514847875
108 127 0.479858341781934633356371404803 0.731068328009850886814123724996 -0.373876408443548082435028036501
109 128 0.211346178281425651871898314067 0.467051694523205879997536886939 -0.801064295020263360846710917314
110 130 -0.801064295020263360846710917314 0.211346178281425651871898314067 -0.467051694523205879997536886939
111 132 -0.0796067070830997063933243114692 -0.0834475790144291921402953497126 0.944038013499186309002739402249
112 133 0.0796067070830997063933243114692 0.0834475790144291921402953497126 0.944038013499186309002739402249
113 137 0.944038013499186309002739402249 0.0796067070830997063933243114692 0.0834475790144291921402953497126
114 141 -0.0834475790144291921402953497126 0.944038013499186309002739402249 -0.0796067070830997063933243114692
115 143 0.944038013499186309002739402249 0.0796067070830997063933243114692 -0.0834475790144291921402953497126
116 146 0.83006641111892865587568674218 -0.264016633486645006816586838058 0.38182910779823214569061053637
117 147 0.319430945527784185323708511655 0.562208905700954163312128865879 0.697419181394686845267348009782
118 149 0.184409926403545300423262526589 -0.510635465591144470551978230525 0.780866760409116037407643359494
119 150 -0.944038013499186309002739402249 -0.0796067070830997063933243114692 0.0834475790144291921402953497126
120 151 0.0834475790144291921402953497126 0.944038013499186309002739402249 0.0796067070830997063933243114692
121 153 -0.264016633486645006816586838058 0.38182910779823214569061053637 0.83006641111892865587568674218
122 155 0.697419181394686845267348009782 -0.319430945527784185323708511655 0.562208905700954163312128865879
123 157 0.399037652610883891717032823124 -0.433402547908041838450761171724 0.746618832104499463735391392467
124 159 -0.562208905700954163312128865879 -0.697419181394686845267348009782 -0.319430945527784185323708511655
125 160 -0.944038013499186309002739402249 -0.0796067070830997063933243114692 -0.0834475790144291921402953497126
126 162 -0.83006641111892865587568674218 0.264016633486645006816586838058 0.38182910779823214569061053637
127 163 -0.0834475790144291921402953497126 -0.944038013499186309002739402249 -0.0796067070830997063933243114692
128 165 0.184409926403545300423262526589 0.510635465591144470551978230525 0.780866760409116037407643359494
129 166 0.510635465591144470551978230525 -0.780866760409116037407643359494 0.184409926403545300423262526589
130 168 0.38182910779823214569061053637 0.83006641111892865587568674218 0.264016633486645006816586838058
131 170 -0.319430945527784185323708511655 -0.562208905700954163312128865879 0.697419181394686845267348009782
132 171 -0.697419181394686845267348009782 -0.319430945527784185323708511655 -0.562208905700954163312128865879
133 174 0.38182910779823214569061053637 0.83006641111892865587568674218 -0.264016633486645006816586838058
134 177 0.697419181394686845267348009782 0.319430945527784185323708511655 0.562208905700954163312128865879
135 180 0.562208905700954163312128865879 0.697419181394686845267348009782 0.319430945527784185323708511655
136 182 0.780866760409116037407643359494 0.184409926403545300423262526589 -0.510635465591144470551978230525
137 184 -0.38182910779823214569061053637 -0.83006641111892865587568674218 -0.264016633486645006816586838058
138 186 0.0834475790144291921402953497126 -0.944038013499186309002739402249 0.0796067070830997063933243114692
139 189 0.433402547908041838450761171724 -0.746618832104499463735391392467 0.399037652610883891717032823124
140 191 -0.264016633486645006816586838058 -0.38182910779823214569061053637 0.83006641111892865587568674218
141 194 0.83006641111892865587568674218 -0.264016633486645006816586838058 -0.38182910779823214569061053637
142 195 0.562208905700954163312128865879 0.697419181394686845267348009782 -0.319430945527784185323708511655
143 196 0.780866760409116037407643359494 0.184409926403545300423262526589 0.510635465591144470551978230525
144 197 -0.399037652610883891717032823124 0.433402547908041838450761171724 0.746618832104499463735391392467
145 198 0.746618832104499463735391392467 0.399037652610883891717032823124 -0.433402547908041838450761171724
146 201 0.746618832104499463735391392467 -0.399037652610883891717032823124 -0.433402547908041838450761171724
147 202 -0.319430945527784185323708511655 -0.562208905700954163312128865879 -0.697419181394686845267348009782
148 210 -0.0796067070830997063933243114692 -0.0834475790144291921402953497126 -0.944038013499186309002739402249
149 211 0.433402547908041838450761171724 -0.746618832104499463735391392467 -0.399037652610883891717032823124
150 212 -0.510635465591144470551978230525 0.780866760409116037407643359494 0.184409926403545300423262526589
151 215 -0.38182910779823214569061053637 -0.83006641111892865587568674218 0.264016633486645006816586838058
152 217 -0.697419181394686845267348009782 0.319430945527784185323708511655 -0.562208905700954163312128865879
153 219 -0.746618832104499463735391392467 -0.399037652610883891717032823124 0.433402547908041838450761171724
154 220 -0.562208905700954163312128865879 -0.697419181394686845267348009782 0.319430945527784185323708511655
155 225 -0.746618832104499463735391392467 0.399037652610883891717032823124 0.433402547908041838450761171724
156 226 -0.780866760409116037407643359494 -0.184409926403545300423262526589 -0.510635465591144470551978230525
157 227 0.399037652610883891717032823124 -0.433402547908041838450761171724 -0.746618832104499463735391392467
158 229 0.0796067070830997063933243114692 0.0834475790144291921402953497126 -0.944038013499186309002739402249
159 230 0.510635465591144470551978230525 -0.780866760409116037407643359494 -0.184409926403545300423262526589
160 231 -0.433402547908041838450761171724 0.746618832104499463735391392467 0.399037652610883891717032823124
161 233 -0.83006641111892865587568674218 0.264016633486645006816586838058 -0.38182910779823214569061053637
162 234 -0.780866760409116037407643359494 -0.184409926403545300423262526589 0.510635465591144470551978230525
163 238 -0.184409926403545300423262526589 0.510635465591144470551978230525 -0.780866760409116037407643359494
164 240 -0.433402547908041838450761171724 0.746618832104499463735391392467 -0.399037652610883891717032823124
165 241 0.319430945527784185323708511655 0.562208905700954163312128865879 -0.697419181394686845267348009782
166 244 0.264016633486645006816586838058 0.38182910779823214569061053637 -0.83006641111892865587568674218
167 246 0.264016633486645006816586838058 -0.38182910779823214569061053637 -0.83006641111892865587568674218
168 247 -0.399037652610883891717032823124 0.433402547908041838450761171724 -0.746618832104499463735391392467
169 248 -0.510635465591144470551978230525 0.780866760409116037407643359494 -0.184409926403545300423262526589
170 250 -0.184409926403545300423262526589 -0.510635465591144470551978230525 -0.780866760409116037407643359494
171 252 -0.176457227048861237167680026719 0.799289287309718818680079916458 0.484260239335857626023959173692
172 253 0.176457227048861237167680026719 -0.799289287309718818680079916458 0.484260239335857626023959173692
173 254 0.484260239335857626023959173692 -0.176457227048861237167680026719 0.799289287309718818680079916458
174 260 -0.484260239335857626023959173692 0.176457227048861237167680026719 0.799289287309718818680079916458
175 261 0.799289287309718818680079916458 0.484260239335857626023959173692 -0.176457227048861237167680026719
176 264 0.585222586724973734306926350568 0.137893041930193089251614874559 0.736891125039270858313177891743
177 266 0.0466584016063055863908611984077 -0.884511874034692552987006267026 0.346367197405664536772344299133
178 268 0.484260239335857626023959173692 -0.176457227048861237167680026719 -0.799289287309718818680079916458
179 269 0.708054646985831315819326240307 -0.631880988331279320697787548976 -0.0623981622704479603669020247154
180 271 -0.799289287309718818680079916458 0.484260239335857626023959173692 0.176457227048861237167680026719
181 275 0.736891125039270858313177891743 0.585222586724973734306926350568 0.137893041930193089251614874559
182 276 0.884511874034692552987006267026 0.346367197405664536772344299133 0.0466584016063055863908611984077
183 277 -0.408765359676112497139246323849 0.147620748995421694673828375284 0.845947688916024405070941114866
184 279 -0.137893041930193089251614874559 -0.736891125039270858313177891743 0.585222586724973734306926350568
185 283 0.799289287309718818680079916458 -0.484260239335857626023959173692 -0.176457227048861237167680026719
186 286 0.631880988331279320697787548976 0.0623981622704479603669020247154 0.708054646985831315819326240307
187 288 0.346367197405664536772344299133 0.0466584016063055863908611984077 0.884511874034692552987006267026
188 290 0.585222586724973734306926350568 -0.137893041930193089251614874559 0.736891125039270858313177891743
189 293 0.736891125039270858313177891743 0.585222586724973734306926350568 -0.137893041930193089251614874559
190 294 0.346367197405664536772344299133 0.0466584016063055863908611984077 -0.884511874034692552987006267026
191 295 0.845947688916024405070941114866 -0.408765359676112497139246323849 -0.147620748995421694673828375284
192 296 0.0466584016063055863908611984077 0.884511874034692552987006267026 0.346367197405664536772344299133
193 298 -0.484260239335857626023959173692 0.176457227048861237167680026719 -0.799289287309718818680079916458
194 300 0.137893041930193089251614874559 0.736891125039270858313177891743 -0.585222586724973734306926350568
195 301 -0.708054646985831315819326240307 0.631880988331279320697787548976 -0.0623981622704479603669020247154
196 302 -0.0623981622704479603669020247154 0.708054646985831315819326240307 -0.631880988331279320697787548976
197 304 -0.346367197405664536772344299133 -0.0466584016063055863908611984077 -0.884511874034692552987006267026
198 305 -0.736891125039270858313177891743 -0.585222586724973734306926350568 0.137893041930193089251614874559
199 306 -0.799289287309718818680079916458 -0.484260239335857626023959173692 0.176457227048861237167680026719
200 308 -0.408765359676112497139246323849 -0.147620748995421694673828375284 0.845947688916024405070941114866
201 309 -0.147620748995421694673828375284 -0.845947688916024405070941114866 -0.408765359676112497139246323849
202 311 -0.884511874034692552987006267026 -0.346367197405664536772344299133 0.0466584016063055863908611984077
203 312 -0.0466584016063055863908611984077 -0.884511874034692552987006267026 -0.346367197405664536772344299133
204 315 0.137893041930193089251614874559 0.736891125039270858313177891743 0.585222586724973734306926350568
205 318 0.845947688916024405070941114866 -0.408765359676112497139246323849 0.147620748995421694673828375284
206 323 0.708054646985831315819326240307 -0.631880988331279320697787548976 0.0623981622704479603669020247154
207 327 -0.0623981622704479603669020247154 -0.708054646985831315819326240307 -0.631880988331279320697787548976
208 330 -0.176457227048861237167680026719 0.799289287309718818680079916458 -0.484260239335857626023959173692
209 331 -0.147620748995421694673828375284 -0.845947688916024405070941114866 0.408765359676112497139246323849
210 332 -0.631880988331279320697787548976 -0.0623981622704479603669020247154 0.708054646985831315819326240307
211 334 0.0623981622704479603669020247154 0.708054646985831315819326240307 0.631880988331279320697787548976
212 335 -0.346367197405664536772344299133 -0.0466584016063055863908611984077 0.884511874034692552987006267026
213 336 -0.884511874034692552987006267026 -0.346367197405664536772344299133 -0.0466584016063055863908611984077
214 337 -0.736891125039270858313177891743 -0.585222586724973734306926350568 -0.137893041930193089251614874559
215 339 -0.845947688916024405070941114866 0.408765359676112497139246323849 -0.147620748995421694673828375284
216 340 -0.137893041930193089251614874559 -0.736891125039270858313177891743 -0.585222586724973734306926350568
217 349 0.176457227048861237167680026719 -0.799289287309718818680079916458 -0.484260239335857626023959173692
218 350 0.631880988331279320697787548976 0.0623981622704479603669020247154 -0.708054646985831315819326240307
219 351 0.147620748995421694673828375284 0.845947688916024405070941114866 -0.408765359676112497139246323849
220 353 -0.0466584016063055863908611984077 0.884511874034692552987006267026 -0.346367197405664536772344299133
221 354 0.0623981622704479603669020247154 -0.708054646985831315819326240307 0.631880988331279320697787548976
222 357 -0.845947688916024405070941114866 0.408765359676112497139246323849 0.147620748995421694673828375284
223 358 -0.708054646985831315819326240307 0.631880988331279320697787548976 0.0623981622704479603669020247154
224 360 0.147620748995421694673828375284 0.845947688916024405070941114866 0.408765359676112497139246323849
225 361 -0.585222586724973734306926350568 0.137893041930193089251614874559 -0.736891125039270858313177891743
226 364 0.884511874034692552987006267026 0.346367197405664536772344299133 -0.0466584016063055863908611984077
227 365 0.408765359676112497139246323849 0.147620748995421694673828375284 -0.845947688916024405070941114866
228 367 0.408765359676112497139246323849 -0.147620748995421694673828375284 -0.845947688916024405070941114866
229 368 -0.631880988331279320697787548976 -0.0623981622704479603669020247154 -0.708054646985831315819326240307
230 371 -0.585222586724973734306926350568 -0.137893041930193089251614874559 -0.736891125039270858313177891743
