# H231: the proper 5-colouring printed in Appendix A (vertex index 0-based, colour 1-5); verified on all 938 edges
0 1
1 5
2 4
3 3
4 1
5 1
6 4
7 2
8 3
9 3
10 4
11 2
12 2
13 5
14 2
15 2
16 3
17 3
18 2
19 2
20 2
21 3
22 1
23 1
24 2
25 5
26 3
27 4
28 3
29 5
30 3
31 4
32 5
33 3
34 1
35 5
36 5
37 2
38 1
39 1
40 4
41 3
42 5
43 1
44 4
45 1
46 1
47 3
48 3
49 1
50 2
51 4
52 2
53 2
54 4
55 4
56 3
57 5
58 5
59 2
60 2
61 5
62 2
63 2
64 1
65 5
66 4
67 5
68 5
69 3
70 2
71 2
72 1
73 5
74 4
75 4
76 1
77 1
78 3
79 3
80 5
81 3
82 2
83 5
84 1
85 3
86 4
87 1
88 5
89 4
90 5
91 4
92 1
93 2
94 3
95 1
96 1
97 1
98 4
99 1
100 3
101 2
102 1
103 3
104 1
105 3
106 2
107 2
108 1
109 2
110 4
111 5
112 1
113 1
114 5
115 1
116 3
117 5
118 2
119 2
120 2
121 4
122 5
123 2
124 5
125 2
126 1
127 1
128 3
129 4
130 4
131 1
132 4
133 4
134 5
135 5
136 1
137 3
138 3
139 3
140 4
141 5
142 3
143 1
144 3
145 4
146 4
147 1
148 4
149 2
150 1
151 4
152 4
153 3
154 2
155 1
156 3
157 2
158 4
159 3
160 4
161 1
162 2
163 3
164 5
165 3
166 2
167 5
168 3
169 1
170 1
171 1
172 4
173 4
174 4
175 1
176 2
177 4
178 1
179 3
180 3
181 2
182 1
183 3
184 1
185 3
186 2
187 3
188 2
189 1
190 3
191 5
192 4
193 1
194 2
195 1
196 3
197 1
198 2
199 2
200 1
201 2
202 3
203 1
204 2
205 1
206 3
207 2
208 2
209 1
210 2
211 4
212 3
213 2
214 3
215 4
216 4
217 2
218 4
219 3
220 2
221 4
222 1
223 4
224 3
225 1
226 4
227 4
228 2
229 4
230 4
